DiscrimDataset,vgg16,GradCAM-s5,-0.010153722018003464,-0.016657300293445587,-0.02821528911590576,-0.048475343734025955,-0.08312789350748062,-0.13745151460170746,-0.0016591178718954325,-0.0021418507676571608,-0.0007963866228237748,0.003921386320143938,0.01294424757361412,0.02429584600031376
DiscrimDataset,vgg16,GradCAM-origin-s5,-0.010153722018003464,-0.016657300293445587,-0.02821528911590576,-0.048475343734025955,-0.08312789350748062,-0.13745151460170746,-0.0017068138113245368,-0.0005244545172899961,0.0014426331035792828,0.007384550292044878,0.03422367200255394,0.04996895417571068
DiscrimDataset,vgg16,SG-GradCAM-origin-s5,-0.008649647235870361,-0.018045933917164803,-0.02812626212835312,-0.043640248477458954,-0.10003780573606491,-0.1735943853855133,0.007616810500621796,0.01777062937617302,0.02211928926408291,0.03951241448521614,0.08985627442598343,0.13285088539123535
DiscrimDataset,vgg16,LayerCAM-s5,-0.00323997950181365,-0.004927660338580608,-0.007497050799429417,-0.017618948593735695,-0.04843652620911598,-0.09593917429447174,0.0013796105049550533,0.0007898169569671154,0.000651573936920613,0.0001740665320539847,-0.0016563590615987778,5.202415650273906e-06
DiscrimDataset,vgg16,LRP-0-s5,-0.0038785538636147976,-0.01505311205983162,-0.027442248538136482,-0.04487409442663193,-0.08329704403877258,-0.1407182365655899,0.003277562092989683,0.008926024660468102,0.00955228228121996,0.01563018187880516,0.03844982758164406,0.04654902219772339
DiscrimDataset,vgg16,SG-LRP-0-s5,-0.011880912818014622,-0.01884632743895054,-0.026334445923566818,-0.03708471730351448,-0.08471975475549698,-0.16518177092075348,0.0070930467918515205,0.015739241614937782,0.025585325434803963,0.03961971402168274,0.08110764622688293,0.0969364121556282
DiscrimDataset,vgg16,ScoreCAM-s5,-0.010984361171722412,-0.01940222643315792,-0.027104929089546204,-0.05204832926392555,-0.11052129417657852,-0.1721649020910263,-0.00044096537749283016,-0.0011652676621451974,-0.0005089322803542018,-0.0005489251343533397,-0.002817460335791111,-0.008868644014000893
DiscrimDataset,vgg16,AblationCAM-s5,-0.0006861856672912836,-0.000248946831561625,-0.004786882549524307,-0.016579456627368927,-0.03427489474415779,-0.05385209247469902,-9.36082869884558e-05,-7.773892866680399e-05,-1.7989474144997075e-05,-0.00028586245025508106,0.0027718194760382175,0.0014578566187992692
DiscrimDataset,vgg16,LRP-ZP-s5,-0.0003732727491296828,0.0014549639308825135,-0.002666529268026352,-0.013068176805973053,-0.02688571810722351,-0.05747583508491516,-0.00019085622625425458,-0.00119504623580724,-0.0016028766985982656,-0.0020680648740381002,0.000703277240972966,-0.0009924781043082476
DiscrimDataset,vgg16,SG-LRP-ZP-s5,-0.011622527614235878,-0.016336379572749138,-0.022844204679131508,-0.037851572036743164,-0.08909660577774048,-0.1664259284734726,0.007022070698440075,0.012419615872204304,0.0204546507447958,0.03721168637275696,0.07328672707080841,0.08953765779733658
DiscrimDataset,vgg16,ST-LRP-C-s5,-0.011066322214901447,-0.020640717819333076,-0.028215713798999786,-0.03578898310661316,-0.08616409450769424,-0.16903957724571228,0.00710450392216444,0.01598738692700863,0.027000809088349342,0.04104261472821236,0.08039700984954834,0.09899453818798065
DiscrimDataset,vgg16,SIG-LRP-C-s5,-0.009846305474638939,-0.017651554197072983,-0.024470940232276917,-0.03153194114565849,-0.08240491151809692,-0.17000001668930054,0.006704954896122217,0.01677960902452469,0.02596568875014782,0.034010425209999084,0.07367876917123795,0.10272394120693207
DiscrimDataset,vgg16,SIG-LRP-C-1,0.00104643520899117,-0.005816023331135511,-0.025636158883571625,-0.04977240785956383,-0.09088604897260666,-0.15149980783462524,0.0019538761116564274,0.011493111960589886,0.026704315096139908,0.05021239444613457,0.07254787534475327,0.10601583123207092
DiscrimDataset,vgg16,LID-Taylor-s5,-0.005339113529771566,-0.03812846913933754,-0.07026240974664688,-0.09610631316900253,-0.1564447581768036,-0.2390809804201126,0.003562500001862645,0.00859093852341175,0.007537136320024729,0.01233335118740797,0.032413605600595474,0.029256824404001236
DiscrimDataset,vgg16,SIG-LID-Taylor-s5,-0.007570926565676928,-0.026809241622686386,-0.046866755932569504,-0.056386202573776245,-0.13145476579666138,-0.2474684715270996,0.00948503240942955,0.013432277366518974,0.015544714406132698,0.018867069855332375,0.05227993428707123,0.06395161151885986
DiscrimDataset,vgg16,LID-IG-s5,-0.009777416475117207,-0.03131793066859245,-0.056007735431194305,-0.07594361901283264,-0.12898588180541992,-0.2385922521352768,-0.00362587021663785,-0.004776898771524429,-0.007053654175251722,0.0007873402792029083,0.0075852954760193825,0.00805086549371481
DiscrimDataset,vgg16,SIG-LID-IG-s5,-0.005313676781952381,-0.031054407358169556,-0.0618559755384922,-0.09320671856403351,-0.16113245487213135,-0.2459130436182022,0.013694367371499538,0.01701483689248562,0.021301088854670525,0.02762150764465332,0.06258995085954666,0.08247091621160507
DiscrimDataset,vgg16,SIG-LID-Taylor-s54,-0.013446029275655746,-0.03291246294975281,-0.06509970128536224,-0.11029688268899918,-0.16913020610809326,-0.24251051247119904,0.0037376945838332176,0.01670028641819954,0.02540145069360733,0.05523429065942764,0.08305826038122177,0.08979024738073349
DiscrimDataset,vgg16,SIG-LID-Taylor-s543,-0.034346140921115875,-0.06840753555297852,-0.10299478471279144,-0.1366194486618042,-0.18724946677684784,-0.27042752504348755,0.009373890236020088,0.02887771651148796,0.043031640350818634,0.060592446476221085,0.08369191735982895,0.09542755037546158
DiscrimDataset,vgg16,SIG-LID-IG-s54,-0.010765536688268185,-0.0254533514380455,-0.052235379815101624,-0.10418976843357086,-0.17513400316238403,-0.26587608456611633,0.0074106971733272076,0.021922070533037186,0.03411950170993805,0.05832112953066826,0.07560332864522934,0.07883777469396591
DiscrimDataset,vgg16,SIG-LID-IG-s543,-0.005590363871306181,-0.03967542201280594,-0.06911233067512512,-0.10096162557601929,-0.16208471357822418,-0.2496422976255417,-0.0011915158247575164,0.014082470908761024,0.025795454159379005,0.06301496922969818,0.07689675688743591,0.07505929470062256
DiscrimDataset,vgg16,SIG-LID-IG-s5432,-0.0194723978638649,-0.05330808833241463,-0.07058927416801453,-0.09681632369756699,-0.1383552998304367,-0.2523578107357025,-0.007406698074191809,0.00991862267255783,0.030023176223039627,0.06664230674505234,0.07930722087621689,0.047450847923755646
DiscrimDataset,vgg16,SIG-LID-IG-s54321,-0.02067309245467186,-0.050925079733133316,-0.06626938283443451,-0.09261200577020645,-0.14244411885738373,-0.24799084663391113,-0.0036918327677994967,0.008623741567134857,0.030844373628497124,0.06397198140621185,0.07988738268613815,0.051540397107601166
sub_imgnt,googlenet,GradCAM-origin-s5,-0.003168045077472925,-0.004423632752150297,-0.005975604057312012,-0.013497783802449703,-0.04428109526634216,-0.134084552526474,-0.0006131951231509447,-0.0006269481382332742,-0.0004695290408562869,-0.0001974795013666153,0.0001804610510589555,0.002412159461528063
sub_imgnt,googlenet,SG-GradCAM-origin-s5,-0.003128701588138938,-0.0048782434314489365,-0.007016537245362997,-0.016664503142237663,-0.050030674785375595,-0.13966679573059082,-0.00017913238843902946,1.0374957128078677e-05,0.0004910976276732981,0.0018946294439956546,0.00569396186619997,0.013661608099937439
sub_imgnt,googlenet,ScoreCAM-s5,-0.0028136088512837887,-0.0037758087273687124,-0.00528959184885025,-0.011870318092405796,-0.039578087627887726,-0.12619203329086304,-0.0008695821743458509,-0.001095011830329895,-0.001211905968375504,-0.0015381532721221447,-0.00250979489646852,-0.00229145516641438
sub_imgnt,googlenet,SIG-LID-Taylor-s5,-0.0029180883429944515,-0.004467293620109558,-0.0066495658829808235,-0.016057860106229782,-0.04967406019568443,-0.1402263641357422,-0.0003472803218755871,-0.00037093457649461925,-0.00020341867639217526,0.0009115951252169907,0.0034261024557054043,0.009308876469731331
sub_imgnt,googlenet,SIG-LID-IG-s5,-0.0029180883429944515,-0.004467293620109558,-0.0066495658829808235,-0.016057860106229782,-0.04967406019568443,-0.1402263641357422,-0.0003472803218755871,-0.00037093457649461925,-0.00020341867639217526,0.0009115951252169907,0.0034261024557054043,0.009308876469731331
sub_imgnt,googlenet,SIG-LID-IG-s4,-0.0037332477513700724,-0.006730105262249708,-0.010879293084144592,-0.0286755058914423,-0.07676538079977036,-0.15457864105701447,0.0005608578794635832,0.0013255351223051548,0.002671775408089161,0.005338560324162245,0.007853294722735882,-0.012864779680967331
sub_imgnt,googlenet,SIG-LID-IG-s3,-0.0041650887578725815,-0.007536784280091524,-0.012580295093357563,-0.030175957828760147,-0.07325246185064316,-0.145104318857193,0.0004964692634530365,0.0013659688411280513,0.0027465445455163717,0.00643885089084506,0.001893234788440168,-0.032848142087459564
sub_imgnt,googlenet,SIG-LID-IG-s54,-0.004056423902511597,-0.00707685761153698,-0.011143406853079796,-0.02953762747347355,-0.07868056744337082,-0.16418617963790894,0.0002110768691636622,0.0005709868273697793,0.001419837586581707,0.0036422095727175474,0.007692141458392143,0.012526088394224644
sub_imgnt,googlenet,SIG-LID-IG-s543,-0.005178621970117092,-0.009169427677989006,-0.014958187937736511,-0.03490818664431572,-0.08561599254608154,-0.16624747216701508,0.0006874708342365921,0.0013757585547864437,0.0026596146635711193,0.005918868817389011,0.010681119747459888,0.015437888912856579
sub_imgnt,googlenet,SIG-LID-IG-s5432,-0.005166857503354549,-0.008923638612031937,-0.014480521902441978,-0.033390916883945465,-0.07946421951055527,-0.15817122161388397,0.0009435101528652012,0.001801776816137135,0.0032330648973584175,0.006312387064099312,0.011484724469482899,0.015152422711253166
sub_imgnt,googlenet,SIG-LID-IG-s54321,-0.0051648179069161415,-0.009309455752372742,-0.016263216733932495,-0.03458744287490845,-0.07774155586957932,-0.1561366319656372,0.0007474613375961781,0.0017554229125380516,0.0033282367512583733,0.00637198006734252,0.01081998459994793,0.01320783980190754
sub_imgnt,vgg16,GradCAM-s5,-0.002847213763743639,-0.005670584738254547,-0.01008422952145338,-0.02168446220457554,-0.0557849295437336,-0.12541085481643677,-0.00014543560973834246,-0.0003169305855408311,-0.0003380614798516035,-0.000474808388389647,0.0005008221487514675,-0.0018383385613560677
sub_imgnt,vgg16,GradCAM-origin-s5,-0.002847213763743639,-0.005670584738254547,-0.01008422952145338,-0.02168446220457554,-0.0557849295437336,-0.12541085481643677,-0.0001693896047072485,0.00028243535780347884,0.001315965666435659,0.0028262881096452475,0.006682130973786116,0.006845569238066673
sub_imgnt,vgg16,SG-GradCAM-origin-s5,-0.0035090604797005653,-0.006856776308268309,-0.012328924611210823,-0.02682770974934101,-0.06429608911275864,-0.13381384313106537,0.00010467891115695238,0.0012071249075233936,0.0034311662893742323,0.00734951626509428,0.016012823209166527,0.01858450658619404
sub_imgnt,vgg16,LayerCAM-s5,-0.002161121228709817,-0.0046581970527768135,-0.008988955058157444,-0.01985921338200569,-0.0525934174656868,-0.1247062236070633,-1.767024878063239e-05,-0.00039445189759135246,-0.0006587185780517757,-0.001033813925459981,-0.0008313613943755627,-0.0019168131984770298
sub_imgnt,vgg16,LRP-0-s5,-0.0027125475462526083,-0.005378974135965109,-0.009651364758610725,-0.020849213004112244,-0.052122049033641815,-0.11857379972934723,-9.604696970200166e-05,0.00021161323820706457,0.0009632922010496259,0.002164925215765834,0.006716723553836346,0.00706161092966795
sub_imgnt,vgg16,ScoreCAM-s5,-0.0018787917215377092,-0.004696922842413187,-0.009592559188604355,-0.021534157916903496,-0.05602012202143669,-0.13219209015369415,-0.0007109352154657245,-0.00104838190600276,-0.0013936394825577736,-0.002076992066577077,-0.0025250755716115236,-0.002805580385029316
sub_imgnt,vgg16,AblationCAM-s5,-0.0014768644468858838,-0.003311903215944767,-0.006275887601077557,-0.01449944730848074,-0.040297042578458786,-0.1065937951207161,-0.0006380118429660797,-0.0008820625371299684,-0.0011767966207116842,-0.0019715572707355022,-0.0024917994160205126,-0.003670329228043556
sub_imgnt,vgg16,IG-s5,-0.002590211108326912,-0.00551507156342268,-0.010757191106677055,-0.023245103657245636,-0.05859103798866272,-0.13376203179359436,-0.00045624646008946,-0.00013790167577099055,0.0006075039855204523,0.0016645113937556744,0.006400929763913155,0.008695674128830433
sub_imgnt,vgg16,SIG-s5,-0.002958381548523903,-0.006928285118192434,-0.012642712332308292,-0.026434963569045067,-0.06301809847354889,-0.1367015838623047,-8.259651804110035e-05,0.001118878135457635,0.002553248079493642,0.0053226943127810955,0.012674420140683651,0.01689225062727928
sub_imgnt,vgg16,LRP-ZP-s5,-0.0015175496228039265,-0.0034891050308942795,-0.00622530234977603,-0.014714237302541733,-0.04001322388648987,-0.10534399002790451,-0.00042482433491386473,-0.0008802348747849464,-0.0014135796809569001,-0.0022078566253185272,-0.002734808949753642,-0.004878342617303133
sub_imgnt,vgg16,SG-LRP-0-s5,-0.0029767989180982113,-0.006425892468541861,-0.011777394451200962,-0.024533934891223907,-0.05752590298652649,-0.12069838494062424,-0.00020007550483569503,0.0011030447203665972,0.0029473465401679277,0.006288000848144293,0.013161800801753998,0.009180315770208836
sub_imgnt,vgg16,SG-LRP-ZP-s5,-0.0027438511606305838,-0.005967526696622372,-0.01060474943369627,-0.022466609254479408,-0.05534832179546356,-0.11748456954956055,0.0003905235789716244,0.0010592277394607663,0.0022067485842853785,0.004736964125186205,0.009431719779968262,0.0025967068504542112
sub_imgnt,vgg16,ST-LRP-0-s5,-0.0033864902798086405,-0.00706874392926693,-0.012762105092406273,-0.02728554606437683,-0.06374386698007584,-0.13320502638816833,-0.00029572166386060417,0.0009397119283676147,0.0032590513583272696,0.007543908432126045,0.0162651427090168,0.018789276480674744
sub_imgnt,vgg16,ST-LRP-ZP-s5,-0.0016545290127396584,-0.0035059736110270023,-0.006549700628966093,-0.01569928415119648,-0.042306218296289444,-0.10865236818790436,-0.00021921409643255174,-0.0005799101782031357,-0.0008839091169647872,-0.0010432439157739282,-0.00034795384272001684,-0.0015456074615940452
sub_imgnt,vgg16,SIG-LRP-0-s5,-0.0030037981923669577,-0.006535722408443689,-0.012188930995762348,-0.026655077934265137,-0.0639004036784172,-0.1340409219264984,8.975173841463402e-05,0.0011096984380856156,0.0030479326378554106,0.006754162255674601,0.015152852982282639,0.0204338189214468
sub_imgnt,vgg16,SIG-LRP-ZP-s5,-0.0016025705263018608,-0.003617905778810382,-0.006389728747308254,-0.015007232315838337,-0.04078736528754234,-0.10660292953252792,-0.000414195324992761,-0.0008465566206723452,-0.0013668776955455542,-0.0021647142712026834,-0.002627877052873373,-0.00444025918841362
sub_imgnt,vgg16,LID-Taylor-s5,-0.002649852307513356,-0.0055603571236133575,-0.010315832681953907,-0.02236020751297474,-0.055830370634794235,-0.12745973467826843,-0.00041752224205993116,-4.07407533202786e-05,0.0007335253758355975,0.001983536407351494,0.005999603774398565,0.007553504779934883
sub_imgnt,vgg16,LID-IG-s5,-0.002667535562068224,-0.005668320693075657,-0.010561426170170307,-0.022818496450781822,-0.05702613294124603,-0.13217198848724365,-0.0002955702366307378,-0.00014542409917339683,5.1539260311983526e-05,0.00043302628910169005,0.0026562341954559088,0.005447820294648409
sub_imgnt,vgg16,ST-LID-Taylor-s5,-0.003228545654565096,-0.006896719336509705,-0.012768668122589588,-0.027620086446404457,-0.06466125696897507,-0.13676334917545319,-0.00035499129444360733,0.0008519736002199352,0.002987124491482973,0.007200997788459063,0.015941763296723366,0.020106680691242218
sub_imgnt,vgg16,ST-LID-IG-s5,-0.0031711275223642588,-0.006824176758527756,-0.012988399714231491,-0.02815752476453781,-0.06746276468038559,-0.14437805116176605,-4.518055357038975e-05,0.0008409537840634584,0.0024191271513700485,0.006285612005740404,0.014780202880501747,0.022093869745731354
sub_imgnt,vgg16,SIG-LID-Taylor-s5,-0.003063150681555271,-0.006585479713976383,-0.01252974383533001,-0.027311621233820915,-0.06570650637149811,-0.13954561948776245,4.4509986764751375e-05,0.0010492814471945167,0.0029116838704794645,0.0064478786662220955,0.014948519878089428,0.021288471296429634
sub_imgnt,vgg16,SIG-LID-IG-s5,-0.002884991466999054,-0.006726614199578762,-0.012309100478887558,-0.02736498974263668,-0.06662020832300186,-0.1451314240694046,-0.00016055023297667503,0.0005743148503825068,0.0020223273895680904,0.005024921149015427,0.012493010610342026,0.02144322171807289
sub_imgnt,vgg16,SIG-LRP-C-1,-0.0027559229638427496,-0.0069251470267772675,-0.012665110640227795,-0.027733592316508293,-0.0609964095056057,-0.11610531061887741,0.0005674032145179808,0.0026887189596891403,0.005259227007627487,0.010097200982272625,0.017773184925317764,0.02424178645014763
sub_imgnt,vgg16,SG-LRP-ZP-s54,-0.0034125151578336954,-0.0073241316713392735,-0.01442622672766447,-0.031315989792346954,-0.0723964124917984,-0.13223189115524292,0.00030278132180683315,0.0021759625524282455,0.004328405484557152,0.007441493216902018,0.011451967991888523,0.005478489678353071
sub_imgnt,vgg16,SG-LRP-ZP-s543,-0.0033750724978744984,-0.008691558614373207,-0.01670539751648903,-0.0337129645049572,-0.07316628098487854,-0.12787224352359772,-0.00015897460980340838,0.0024419124238193035,0.004698359873145819,0.008031207136809826,0.012033717706799507,0.006184455007314682
sub_imgnt,vgg16,SG-LRP-ZP-s5432,-0.0028393776156008244,-0.007393058389425278,-0.015077346004545689,-0.031901855021715164,-0.06711889803409576,-0.12164316326379776,0.00024144341296050698,0.002151516964659095,0.0040916274301707745,0.007802195381373167,0.010695206932723522,0.004820653237402439
sub_imgnt,vgg16,SG-LRP-ZP-s54321,-0.003119928762316704,-0.007930848747491837,-0.014636559411883354,-0.03016284666955471,-0.0646917000412941,-0.11733844876289368,0.0003858050040435046,0.0022119127679616213,0.003975339233875275,0.006858417298644781,0.01025129109621048,0.005092047154903412
sub_imgnt,vgg16,SG-LRP-C-s54,-0.004297873470932245,-0.008917241357266903,-0.016483034938573837,-0.03457846865057945,-0.07658135890960693,-0.13606859743595123,0.00041568977758288383,0.0026568942703306675,0.005563903599977493,0.010202955454587936,0.01600509136915207,0.011495471931993961
sub_imgnt,vgg16,SG-LRP-C-s543,-0.003536775941029191,-0.008800320327281952,-0.017467116937041283,-0.03510287031531334,-0.07448184490203857,-0.13044245541095734,0.0005888689775019884,0.0034899581223726273,0.006573054473847151,0.011017112992703915,0.01545556727796793,0.011212196201086044
sub_imgnt,vgg16,SG-LRP-C-s5432,-0.00353028392419219,-0.008830885402858257,-0.01660875603556633,-0.034251224249601364,-0.0694555789232254,-0.12412698566913605,0.0005863053957000375,0.0031256696674972773,0.006270605139434338,0.01082887127995491,0.014682402834296227,0.010176170617341995
sub_imgnt,vgg16,SG-LRP-C-s54321,-0.00332589796744287,-0.008832662366330624,-0.015895983204245567,-0.032253995537757874,-0.06652920693159103,-0.12067785114049911,0.000854186771903187,0.003248336026445031,0.005950287450104952,0.010007323697209358,0.013967884704470634,0.008941964246332645
sub_imgnt,vgg16,ST-LRP-ZP-s54,-0.0028040786273777485,-0.0049412851221859455,-0.009935621172189713,-0.023860156536102295,-0.059910714626312256,-0.11956395953893661,-9.154959843726829e-05,-0.00036941171856597066,-0.000428141764132306,-0.0007842853083275259,-0.0008104263106361032,-0.0013945765094831586
sub_imgnt,vgg16,ST-LRP-ZP-s543,-0.0021289039868861437,-0.004756312817335129,-0.010296851396560669,-0.023784484714269638,-0.05907371640205383,-0.11320727318525314,-5.1658520533237606e-05,-0.00041374473948962986,-0.0007078649359755218,-0.0012172888964414597,-0.00109975622035563,-0.0021010905038565397
sub_imgnt,vgg16,ST-LRP-ZP-s5432,-0.0015019540442153811,-0.004276090767234564,-0.009338680654764175,-0.022929906845092773,-0.054404087364673615,-0.10890402644872665,-0.0002160535950679332,-0.0005410472513176501,-0.0005824897671118379,-0.0007190725882537663,-0.001004840130917728,-0.002117075026035309
sub_imgnt,vgg16,ST-LRP-ZP-s54321,-0.0012510017259046435,-0.0035972099285572767,-0.00836438313126564,-0.0212225541472435,-0.05133553966879845,-0.1044941172003746,-0.0002079172118101269,-0.00045266575762070715,-0.0004673518124036491,-0.0007096614572219551,-0.0007536722696386278,-0.0023304340429604053
sub_imgnt,vgg16,ST-LRP-C-s54,-0.0043549551628530025,-0.009451852180063725,-0.017808597534894943,-0.037169016897678375,-0.08390052616596222,-0.15012343227863312,0.0006498413858935237,0.0030695507302880287,0.006430746987462044,0.012312624603509903,0.02157762087881565,0.025919707491993904
sub_imgnt,vgg16,ST-LRP-C-s543,-0.0036925829481333494,-0.009382340125739574,-0.018510492518544197,-0.0371178463101387,-0.07972428947687149,-0.13940668106079102,0.0009748390875756741,0.003955324646085501,0.007566832005977631,0.0131412073969841,0.021424859762191772,0.023582909256219864
sub_imgnt,vgg16,ST-LRP-C-s5432,-0.003633416723459959,-0.009479193016886711,-0.017410188913345337,-0.03571614995598793,-0.07401172816753387,-0.13018853962421417,0.000943002465646714,0.0035766134969890118,0.007283236365765333,0.012955763377249241,0.01993798092007637,0.023262349888682365
sub_imgnt,vgg16,ST-LRP-C-s54321,-0.003480147570371628,-0.00931694358587265,-0.01677682064473629,-0.034038327634334564,-0.0707482174038887,-0.1255585253238678,0.0009912722744047642,0.003938181325793266,0.007117378991097212,0.012289405800402164,0.01963122747838497,0.02233634889125824
sub_imgnt,vgg16,SIG-LRP-ZP-s54,-0.002642362378537655,-0.004702012985944748,-0.00928934570401907,-0.022512225434184074,-0.05818256735801697,-0.11728576570749283,-0.00038922109524719417,-0.0008335687452927232,-0.0012712909374386072,-0.002109634457156062,-0.002806807169690728,-0.003985155839473009
sub_imgnt,vgg16,SIG-LRP-ZP-s543,-0.0019351092632859945,-0.004425267688930035,-0.009782657958567142,-0.02269255369901657,-0.05723240226507187,-0.11050344258546829,-0.0002566110633779317,-0.0007270365604199469,-0.0011483721900731325,-0.0021035480313003063,-0.002917383098974824,-0.004331197589635849
sub_imgnt,vgg16,SIG-LRP-ZP-s5432,-0.0014072807971388102,-0.003977165091782808,-0.008630420081317425,-0.022125573828816414,-0.05304691568017006,-0.10703141987323761,-0.00028028638917021453,-0.000681203615386039,-0.0011420244118198752,-0.0019415420247241855,-0.0027661146596074104,-0.004477360285818577
sub_imgnt,vgg16,SIG-LRP-ZP-s54321,-0.0012869960628449917,-0.0035451308358460665,-0.007876720279455185,-0.020095352083444595,-0.04899687319993973,-0.1019110307097435,-0.00021763019321952015,-0.0006611378630623221,-0.0010870954720303416,-0.001891584019176662,-0.002748531522229314,-0.004611201584339142
sub_imgnt,vgg16,SIG-LRP-C-s54,-0.004345265217125416,-0.00952114723622799,-0.017682665959000587,-0.03734775260090828,-0.08539196848869324,-0.1520710587501526,0.0008170967921614647,0.0028079012408852577,0.005494500044733286,0.010031919926404953,0.020461993291974068,0.027361925691366196
sub_imgnt,vgg16,SIG-LRP-C-s543,-0.004191266372799873,-0.009704471565783024,-0.018318969756364822,-0.0367170013487339,-0.08154236525297165,-0.1410202533006668,0.0007993651088327169,0.003321295138448477,0.0064486670307815075,0.011743862181901932,0.021226361393928528,0.02663544937968254
sub_imgnt,vgg16,SIG-LRP-C-s5432,-0.0036395499482750893,-0.009031129069626331,-0.016729239374399185,-0.0349150076508522,-0.07408415526151657,-0.13191136717796326,0.0012597800232470036,0.003549724817276001,0.006677525117993355,0.012469260953366756,0.0203244686126709,0.025776546448469162
sub_imgnt,vgg16,SIG-LRP-C-s54321,-0.003346571931615472,-0.008928638882935047,-0.016148781403899193,-0.033241692930459976,-0.06980434060096741,-0.12590058147907257,0.001190486247651279,0.0036071876529604197,0.0065060751512646675,0.011945873498916626,0.019956566393375397,0.02476900815963745
sub_imgnt,vgg16,SIG-LID-Taylor-s54,-0.005853542126715183,-0.012606163509190083,-0.022090110927820206,-0.04314751550555229,-0.08891168236732483,-0.15065591037273407,0.0011355825699865818,0.004354373086243868,0.008335741236805916,0.014577486552298069,0.02220388501882553,0.02031719870865345
sub_imgnt,vgg16,SIG-LID-Taylor-s543,-0.006025847513228655,-0.015448156744241714,-0.02698005549609661,-0.0471036359667778,-0.08893894404172897,-0.14834541082382202,0.001645199372433126,0.006776398979127407,0.011919689364731312,0.017053239047527313,0.021975137293338776,0.011670646257698536
sub_imgnt,vgg16,SIG-LID-Taylor-s5432,-0.005388730671256781,-0.01480922196060419,-0.026270946487784386,-0.04668263718485832,-0.08563205599784851,-0.14505748450756073,0.0021231789141893387,0.00819492433220148,0.01285458356142044,0.017264168709516525,0.01730281114578247,0.0001729083014652133
sub_imgnt,vgg16,SIG-LID-Taylor-s54321,-0.005622853524982929,-0.014891988597810268,-0.025105223059654236,-0.04482317343354225,-0.08327464759349823,-0.14221522212028503,0.0021011747885495424,0.008018851280212402,0.011790402233600616,0.014009571634232998,0.01146701443940401,-0.012042311020195484
sub_imgnt,vgg16,SIG-LID-IG-s54,-0.004725468810647726,-0.011215763166546822,-0.020813649520277977,-0.04242095351219177,-0.09030578285455704,-0.15768906474113464,0.0007189990137703717,0.0027380965184420347,0.005346832796931267,0.010242296382784843,0.01927834562957287,0.025448249652981758
sub_imgnt,vgg16,SIG-LID-IG-s543,-0.004716645926237106,-0.013255086727440357,-0.024934716522693634,-0.04521820694208145,-0.08999104052782059,-0.15101097524166107,0.0008142804144881666,0.003986084833741188,0.007187374867498875,0.012056506238877773,0.01986130326986313,0.022870788350701332
sub_imgnt,vgg16,SIG-LID-IG-s5432,-0.00524056376889348,-0.013843911699950695,-0.023214003071188927,-0.04316463693976402,-0.08440367132425308,-0.14584404230117798,0.0012007873738184571,0.004591893870383501,0.007689597085118294,0.01237470656633377,0.01973932608962059,0.021778400987386703
sub_imgnt,vgg16,SIG-LID-IG-s54321,-0.005780535750091076,-0.013678161427378654,-0.02256581373512745,-0.04117633402347565,-0.08202386647462845,-0.1441035270690918,0.0018043937161564827,0.0050383578054606915,0.007634098641574383,0.01224381010979414,0.01965588703751564,0.02101314254105091
sub_imgnt,vgg16,LRP-C-s4,-0.0033286563120782375,-0.006989649962633848,-0.012953964062035084,-0.028714366257190704,-0.06809573620557785,-0.1299806833267212,0.00036001959233544767,0.0016089077107608318,0.002634861972182989,0.004310059826821089,0.008753550238907337,0.012980169616639614
sub_imgnt,vgg16,LRP-C-s3,-0.002756556263193488,-0.006485396530479193,-0.012066631577908993,-0.024442683905363083,-0.05679277703166008,-0.10620085150003433,0.00013331107038538903,0.0008595066028647125,0.0019846053328365088,0.003643303643912077,0.007487250957638025,0.009293551556766033
sub_imgnt,vgg16,LRP-C-s2,-0.0030246619135141373,-0.006139732431620359,-0.011322039179503918,-0.023464778438210487,-0.049942634999752045,-0.09548813104629517,0.00036085047759115696,0.0007465346716344357,0.0015271304873749614,0.003205840243026614,0.006298058200627565,0.009817298501729965
sub_imgnt,vgg16,LRP-C-s1,-0.0022193356417119503,-0.0056352773681283,-0.010065358132123947,-0.021433629095554352,-0.04786393791437149,-0.09486088901758194,0.0005231175455264747,0.0012097745202481747,0.0019803259056061506,0.003388741984963417,0.006806628312915564,0.009841361083090305
sub_imgnt,vgg16,LRP-ZP-s4,-0.0014529559994116426,-0.0036263777874410152,-0.007997973822057247,-0.02061529830098152,-0.054936181753873825,-0.10995948314666748,-0.0002869234886020422,-0.0009059226722456515,-0.001483936794102192,-0.0023621050640940666,-0.003448368748649955,-0.00422848341986537
sub_imgnt,vgg16,LRP-ZP-s3,-0.0019265201408416033,-0.003639713628217578,-0.007548525929450989,-0.019100848585367203,-0.049103450030088425,-0.09831613302230835,-0.0003054248518310487,-0.0008623144822195172,-0.0010860738111659884,-0.002151877386495471,-0.0031263555865734816,-0.005469908472150564
sub_imgnt,vgg16,LRP-ZP-s2,-0.0016044448129832745,-0.003531163791194558,-0.00734805129468441,-0.018124261870980263,-0.04437541961669922,-0.09322541207075119,-0.00031830830266699195,-0.0009343333076685667,-0.0013977931812405586,-0.0023941947147250175,-0.003049766179174185,-0.0053631518967449665
sub_imgnt,vgg16,LRP-ZP-s1,-0.001502888510003686,-0.0033161514438688755,-0.006610610987991095,-0.01704440265893936,-0.04203867167234421,-0.08900506049394608,-0.00020330552069935948,-0.0007342888857237995,-0.001197284902445972,-0.002235850552096963,-0.0031931803096085787,-0.005624502431601286
sub_imgnt,vgg16,IG-s4,-0.0036421034019440413,-0.008602572605013847,-0.016994908452033997,-0.03466499596834183,-0.07506509870290756,-0.13316482305526733,-7.231328345369548e-05,0.001847416046075523,0.0037607268895953894,0.005916719790548086,0.0033659834880381823,-0.02172662690281868
sub_imgnt,vgg16,IG-s3,-0.0034213450271636248,-0.010182018391788006,-0.01798269897699356,-0.031615421175956726,-0.06436128914356232,-0.12065356224775314,0.0005794995813630521,0.002740570344030857,0.0036269202828407288,-0.00020266298088245094,-0.01716131716966629,-0.06710760295391083
sub_imgnt,vgg16,IG-s2,-0.003401529975235462,-0.008870653808116913,-0.014992186799645424,-0.02916497364640236,-0.059480566531419754,-0.11734133958816528,-0.0005253894487395883,0.0007907915860414505,-0.0004202536365482956,-0.00867054145783186,-0.0318477600812912,-0.08625490218400955
sub_imgnt,vgg16,IG-s1,-0.002928809728473425,-0.007353643421083689,-0.013148138299584389,-0.027289990335702896,-0.06233462318778038,-0.11998708546161652,-0.0003540888719726354,-0.0007282745209522545,-0.0033494383096694946,-0.013988476246595383,-0.03971033915877342,-0.09488870948553085
sub_imgnt,vgg16,SIG-s4,-0.004794287495315075,-0.011221792548894882,-0.02055201679468155,-0.040073879063129425,-0.08055568486452103,-0.1371794492006302,0.0009769625030457973,0.003996172919869423,0.00751833850517869,0.0118460888043046,0.011477764695882797,-0.021973324939608574
sub_imgnt,vgg16,SIG-s3,-0.0052735283970832825,-0.013306515291333199,-0.022560399025678635,-0.037406984716653824,-0.06949710845947266,-0.12376075237989426,0.0015345426509156823,0.005486105103045702,0.007500959560275078,0.004728695377707481,-0.012988327071070671,-0.06339841336011887
sub_imgnt,vgg16,SIG-s2,-0.002938946010544896,-0.009143741801381111,-0.016305897384881973,-0.03103148192167282,-0.06315819919109344,-0.1208161860704422,0.0004645070293918252,0.002582767279818654,0.0017852801829576492,-0.006166557315737009,-0.030232585966587067,-0.08573776483535767
sub_imgnt,vgg16,SIG-s1,-0.0026839233469218016,-0.008313573896884918,-0.014205058105289936,-0.02798018977046013,-0.06101113185286522,-0.11807569116353989,-0.0008445244748145342,-0.000914278207346797,-0.0036575496196746826,-0.01347370259463787,-0.040339160710573196,-0.09516675770282745
sub_imgnt,vgg16,SIG-LRP-C-s4,-0.0038665649481117725,-0.008494582958519459,-0.016195468604564667,-0.035381872206926346,-0.08166609704494476,-0.14856015145778656,0.000866743444930762,0.0033675727900117636,0.005961868911981583,0.011223352514207363,0.02028466761112213,0.02805665135383606
sub_imgnt,vgg16,SIG-LRP-C-s3,-0.003303227946162224,-0.00821000151336193,-0.015443596988916397,-0.031373344361782074,-0.07012505829334259,-0.12646614015102386,0.00048434114432893693,0.002799646696075797,0.00598208699375391,0.010964663699269295,0.019383186474442482,0.024318408221006393
sub_imgnt,vgg16,SIG-LRP-C-s2,-0.003117996035143733,-0.007691582199186087,-0.014378725551068783,-0.029931383207440376,-0.0622892752289772,-0.11408808082342148,0.0006007881020195782,0.0029501954559236765,0.005413885228335857,0.010447358712553978,0.017838414758443832,0.024162832647562027
sub_imgnt,vgg16,SIG-LRP-C-s1,-0.0029341126792132854,-0.007677711080759764,-0.01402148138731718,-0.028605196624994278,-0.06069653108716011,-0.11323834955692291,0.0007160580717027187,0.0029513014014810324,0.005747807212173939,0.010081184096634388,0.017802871763706207,0.023851385340094566
sub_imgnt,vgg16,SIG-LID-IG-s4,-0.0042526088654994965,-0.009815488941967487,-0.018704375252127647,-0.03958675265312195,-0.0856795385479927,-0.1489478051662445,0.0014948530588299036,0.00426718732342124,0.0076550994999706745,0.013041001744568348,0.019679024815559387,0.01287639420479536
sub_imgnt,vgg16,SIG-LID-IG-s3,-0.003842185018584132,-0.01202043890953064,-0.022352363914251328,-0.040678128600120544,-0.07934796810150146,-0.13701210916042328,0.0013054421870037913,0.005373348481953144,0.009239333681762218,0.012322538532316685,0.014860686846077442,-0.000576344842556864
sub_imgnt,vgg16,SIG-LID-IG-s2,-0.005397476255893707,-0.013061811216175556,-0.021112272515892982,-0.039254117757081985,-0.07434730976819992,-0.13342097401618958,0.0018351844046264887,0.005035905633121729,0.0072540054097771645,0.008507004007697105,0.0012538330629467964,-0.029377702623605728
sub_imgnt,vgg16,SIG-LID-IG-s1,-0.005726938135921955,-0.01309374999254942,-0.0206229817122221,-0.03690345957875252,-0.07252174615859985,-0.13056272268295288,0.0015101236058399081,0.0023089274764060974,0.0011666264617815614,-0.006283101625740528,-0.026909692212939262,-0.07638553529977798
sub_imgnt,vgg16,LRP-0-s4,-0.0040663620457053185,-0.008940258994698524,-0.01643284596502781,-0.0327017568051815,-0.07065410912036896,-0.1236150935292244,-0.00013132410822436213,0.002383224666118622,0.004661898128688335,0.006809662561863661,0.001277951872907579,-0.02874181978404522
sub_imgnt,vgg16,LRP-0-s3,-0.0028136465698480606,-0.009665594436228275,-0.016940616071224213,-0.029068754985928535,-0.0577629916369915,-0.11059978604316711,0.00028464716160669923,0.0032603484578430653,0.003583531826734543,-0.0017019498627632856,-0.02352243661880493,-0.06983824819326401
sub_imgnt,vgg16,LRP-0-s2,-0.0026570018380880356,-0.007582892198115587,-0.014053139835596085,-0.027824968099594116,-0.055079929530620575,-0.10784164816141129,-0.0005620330339297652,0.000844590540509671,-0.000933155301027,-0.00882746372371912,-0.03242010250687599,-0.0816841647028923
sub_imgnt,vgg16,LRP-0-s1,-0.0016823596088215709,-0.005909114144742489,-0.01110909041017294,-0.02264281176030636,-0.05309175327420235,-0.1081937924027443,-0.0013540723593905568,-0.0012609839905053377,-0.0041986508294939995,-0.013820220716297626,-0.03881597891449928,-0.09123548120260239
sub_imgnt,vgg16,SIG-LID-Taylor-s4,-0.005548454355448484,-0.012518215924501419,-0.022312790155410767,-0.042185280472040176,-0.08280601352453232,-0.13769540190696716,0.000581725558731705,0.005057987757027149,0.009364264085888863,0.014109411276876926,0.013122525066137314,-0.01705668680369854
sub_imgnt,vgg16,SIG-LID-Taylor-s3,-0.004534254316240549,-0.014315374195575714,-0.024298418313264847,-0.03845246508717537,-0.06886812299489975,-0.12326645106077194,0.001709908596239984,0.007208752445876598,0.009919627569615841,0.006684223189949989,-0.016118653118610382,-0.0658700168132782
sub_imgnt,vgg16,SIG-LID-Taylor-s2,-0.003561995690688491,-0.010132577270269394,-0.017980171367526054,-0.032114386558532715,-0.06112242117524147,-0.11612576246261597,0.000617064128164202,0.004284985829144716,0.0041494425386190414,-0.003824857994914055,-0.029058031737804413,-0.0825038030743599
sub_imgnt,vgg16,SIG-LID-Taylor-s1,-0.0026427325792610645,-0.008141978643834591,-0.013473033905029297,-0.026301350444555283,-0.05816267058253288,-0.11442350596189499,-0.0004505248798523098,0.00014333317812997848,-0.002353744814172387,-0.012664459645748138,-0.03734748810529709,-0.08992719650268555
sub_imgnt,vgg16,SIG-LID-Taylor-CE10-s4,-0.003088755067437887,-0.0075147720053792,-0.014707011170685291,-0.032742682844400406,-0.07659947872161865,-0.14418265223503113,0.00034002543543465436,0.0028381485026329756,0.005588993430137634,0.01005115918815136,0.01733493059873581,0.021529315039515495
sub_imgnt,vgg16,SIG-LID-Taylor-CE10-s3,-0.0019475121516734362,-0.006145693827420473,-0.013047539629042149,-0.0292477048933506,-0.06914061307907104,-0.13513562083244324,7.012752030277625e-05,0.002001043176278472,0.0045803324319422245,0.007865202613174915,0.016086583957076073,0.01945902593433857
sub_imgnt,vgg16,SIG-LID-Taylor-CE10-s2,-0.002111554378643632,-0.005702848080545664,-0.011583283543586731,-0.02820437029004097,-0.06614800542593002,-0.13344183564186096,0.00021888579067308456,0.0019340459257364273,0.0036156363785266876,0.007594718597829342,0.014174012467265129,0.019614243879914284
sub_imgnt,vgg16,SIG-LID-Taylor-CE10-s1,-0.001364702358841896,-0.004897960461676121,-0.010943432338535786,-0.026579299941658974,-0.06421829760074615,-0.13073933124542236,7.742564048385248e-05,0.0014507926534861326,0.0033049071207642555,0.0062856124714016914,0.012110506184399128,0.015780869871377945
sub_imgnt,vgg16,SIG-LID-Taylor-CE05-s4,-0.0031286817975342274,-0.008181382901966572,-0.01629340834915638,-0.03580038622021675,-0.08021955192089081,-0.14538994431495667,0.0006108821835368872,0.0033730361610651016,0.0067225126549601555,0.01200746651738882,0.020246468484401703,0.022957399487495422
sub_imgnt,vgg16,SIG-LID-Taylor-CE05-s3,-0.0024554466363042593,-0.00750882551074028,-0.014998950064182281,-0.03202040493488312,-0.07220692932605743,-0.13656668365001678,0.00014258961891755462,0.0028069550171494484,0.00605617044493556,0.010166885331273079,0.018301822245121002,0.02136298082768917
sub_imgnt,vgg16,SIG-LID-Taylor-CE05-s2,-0.0024370807223021984,-0.006628239993005991,-0.01307566836476326,-0.030752919614315033,-0.06917566061019897,-0.13599714636802673,0.000363659841241315,0.0024289668072015047,0.004533675033599138,0.00892340112477541,0.01602286286652088,0.021073060110211372
sub_imgnt,vgg16,SIG-LID-Taylor-CE05-s1,-0.0015795230865478516,-0.005875748116523027,-0.012389512732625008,-0.02856132760643959,-0.06657946854829788,-0.13399916887283325,0.0004602526605594903,0.0022763891611248255,0.004407819826155901,0.007753156125545502,0.014171406626701355,0.018334388732910156
sub_imgnt,vgg16,SIG-LID-Taylor-CE02-s4,-0.0044464427046477795,-0.010478240437805653,-0.01993557997047901,-0.041448600590229034,-0.08603192865848541,-0.14706027507781982,0.000873045704793185,0.004576122388243675,0.008435932919383049,0.013876162469387054,0.020457260310649872,0.017572814598679543
sub_imgnt,vgg16,SIG-LID-Taylor-CE02-s3,-0.0032624087762087584,-0.011284276843070984,-0.021508026868104935,-0.039894361048936844,-0.07947219908237457,-0.13920393586158752,0.000793834391515702,0.00559893948957324,0.010252747684717178,0.015380142256617546,0.020219285041093826,0.017648926004767418
sub_imgnt,vgg16,SIG-LID-Taylor-CE02-s2,-0.003785582259297371,-0.010479096323251724,-0.018564492464065552,-0.0368025079369545,-0.07416099309921265,-0.13753803074359894,0.0011599273420870304,0.004480567295104265,0.00771639309823513,0.01237848773598671,0.018695319071412086,0.019224029034376144
sub_imgnt,vgg16,SIG-LID-Taylor-CE02-s1,-0.0030503799207508564,-0.008831878192722797,-0.016027165576815605,-0.033342212438583374,-0.07245571166276932,-0.1342957466840744,0.0008013816550374031,0.0037951029371470213,0.006876968313008547,0.010246090590953827,0.01571790874004364,0.012437541969120502
sub_imgnt,vgg16,SIG-LID-IG-CE10-s4,-0.0034599103964865208,-0.0072251600213348866,-0.014527452178299427,-0.03284299373626709,-0.07911552488803864,-0.1510377824306488,0.00020278101146686822,0.0014879076043143868,0.00318638002499938,0.006934448145329952,0.014441796578466892,0.023329531773924828
sub_imgnt,vgg16,SIG-LID-IG-CE10-s3,-0.002531694946810603,-0.006483031902462244,-0.012995682656764984,-0.02957640029489994,-0.07148590683937073,-0.13798688352108002,-0.0007474349113181233,0.0003565087099559605,0.0018053202657029033,0.004742814693599939,0.011419394984841347,0.016714047640562057
sub_imgnt,vgg16,SIG-LID-IG-CE10-s2,-0.0021236136090010405,-0.005593517795205116,-0.01113363727927208,-0.027296407148241997,-0.06539418548345566,-0.1357794851064682,-0.0004314293328206986,0.0002674562274478376,0.0013496347237378359,0.004133766982704401,0.008708375506103039,0.013413446955382824
sub_imgnt,vgg16,SIG-LID-IG-CE10-s1,-0.0015249906573444605,-0.005003385245800018,-0.010432781651616096,-0.025557268410921097,-0.06326720863580704,-0.13323979079723358,-0.0003087586082983762,-9.630258136894554e-05,0.0006112572737038136,0.0018748744623735547,0.002509569050744176,-0.0008726217201910913
sub_imgnt,vgg16,SIG-LID-IG-CE05-s4,-0.003454538993537426,-0.00784175656735897,-0.01573028787970543,-0.03502846136689186,-0.08148863166570663,-0.15181179344654083,0.0006165273953229189,0.0023353577125817537,0.004288795404136181,0.008432794362306595,0.016606032848358154,0.024896154180169106
sub_imgnt,vgg16,SIG-LID-IG-CE05-s3,-0.0026315676514059305,-0.00704954145476222,-0.013891088776290417,-0.030820488929748535,-0.07157818973064423,-0.13667170703411102,-0.0004169247404206544,0.0010298746638000011,0.0027457044925540686,0.006056822836399078,0.012695878744125366,0.01802952215075493
sub_imgnt,vgg16,SIG-LID-IG-CE05-s2,-0.0024707773700356483,-0.006080361548811197,-0.011915862560272217,-0.028578020632267,-0.0664469450712204,-0.1345560997724533,-0.0003237820346839726,0.00054896593792364,0.0016968798590824008,0.00454126438125968,0.009038475342094898,0.01350369956344366
sub_imgnt,vgg16,SIG-LID-IG-CE05-s1,-0.0019686026498675346,-0.005600908305495977,-0.011396233923733234,-0.02695293165743351,-0.06356380134820938,-0.1313551515340805,-0.00031939701875671744,-1.0780769116536248e-05,0.0006636132020503283,0.0022458333987742662,0.003441054141148925,0.0012588913086801767
sub_imgnt,vgg16,SIG-LID-IG-CE02-s4,-0.0039179353043437,-0.009181986562907696,-0.017516842111945152,-0.03769628331065178,-0.08423202484846115,-0.15205791592597961,0.0010487859835848212,0.0033878248650580645,0.006052513141185045,0.01104250643402338,0.019309932366013527,0.023880131542682648
sub_imgnt,vgg16,SIG-LID-IG-CE02-s3,-0.0028647463768720627,-0.008951447904109955,-0.01757623627781868,-0.03521155193448067,-0.07544030249118805,-0.13735921680927277,0.00024041086726356298,0.0026213114615529776,0.005405367352068424,0.00944447796791792,0.016051501035690308,0.01870902068912983
sub_imgnt,vgg16,SIG-LID-IG-CE02-s2,-0.003880248637869954,-0.009001892991364002,-0.015865035355091095,-0.03237525373697281,-0.06986089795827866,-0.13390949368476868,0.00033346639247611165,0.0017675732960924506,0.003512456314638257,0.0063112648203969,0.010165468789637089,0.011996733956038952
sub_imgnt,vgg16,SIG-LID-IG-CE02-s1,-0.0030562488827854395,-0.007777741178870201,-0.013978160917758942,-0.029756365343928337,-0.06785216182470322,-0.1313444972038269,-0.0002646252978593111,0.0005162330344319344,0.000909163267351687,0.0005738589679822326,-0.003219472011551261,-0.01475116889923811
sub_imgnt,vgg16,SIG-LID-Taylor-CE05-s54,-0.0043223099783062935,-0.00962162297219038,-0.018378250300884247,-0.03811908885836601,-0.08769472688436508,-0.1565251499414444,0.00041480091749690473,0.003113827668130398,0.006277093198150396,0.011119713075459003,0.02091933973133564,0.02636783942580223
sub_imgnt,vgg16,SIG-LID-Taylor-CE05-s543,-0.0032776668667793274,-0.009422403760254383,-0.01873951591551304,-0.038505490869283676,-0.08502568304538727,-0.15134577453136444,0.0006317892693914473,0.0036893279757350683,0.0067664398811757565,0.012244544923305511,0.021485460922122,0.02453548088669777
sub_imgnt,vgg16,SIG-LID-Taylor-CE05-s5432,-0.0027777517680078745,-0.008293469436466694,-0.01689385622739792,-0.037192463874816895,-0.07988625019788742,-0.14754033088684082,0.0010868764948099852,0.003706130897626281,0.006491620559245348,0.012386391870677471,0.020656317472457886,0.02478821948170662
sub_imgnt,vgg16,SIG-LID-Taylor-CE05-s54321,-0.0024670581333339214,-0.007489245384931564,-0.015635456889867783,-0.03546158969402313,-0.07751654833555222,-0.1439664363861084,0.0009487857460044324,0.003481042804196477,0.0060945842415094376,0.010996288619935513,0.020110441371798515,0.024885574355721474
sub_imgnt,vgg16,SIG-LID-IG-CE05-s54,-0.004865309223532677,-0.009916357696056366,-0.018220560625195503,-0.03809034451842308,-0.08815617114305496,-0.1612340807914734,6.446394399972633e-05,0.0016477185999974608,0.003793559968471527,0.007740270812064409,0.016684405505657196,0.026613499969244003
sub_imgnt,vgg16,SIG-LID-IG-CE05-s543,-0.003598254406824708,-0.009086157195270061,-0.01744941994547844,-0.03746657446026802,-0.0861925259232521,-0.15423555672168732,9.411202336195856e-05,0.001997720217332244,0.004366511479020119,0.008323715068399906,0.01756775751709938,0.024817828088998795
sub_imgnt,vgg16,SIG-LID-IG-CE05-s5432,-0.0028921409975737333,-0.00749122304841876,-0.015296905301511288,-0.035408154129981995,-0.0796339362859726,-0.14953957498073578,-1.5402412827825174e-05,0.0018971074605360627,0.004245723132044077,0.00845411978662014,0.016058022156357765,0.024301769211888313
sub_imgnt,vgg16,SIG-LID-IG-CE05-s54321,-0.002779090078547597,-0.007173795718699694,-0.014486110769212246,-0.03285087272524834,-0.07633808255195618,-0.14545826613903046,0.00017237769498024136,0.0017372570000588894,0.0036188100930303335,0.007530952338129282,0.014642477035522461,0.02292308397591114
sub_imgnt,vgg16,SG-LRP-0-s54,-0.0053532966412603855,-0.012149844318628311,-0.02150963991880417,-0.04114203527569771,-0.08076785504817963,-0.13461866974830627,0.0010730383219197392,0.004475780297070742,0.008375367149710655,0.014471218921244144,0.019124263897538185,0.0025216015055775642
sub_imgnt,vgg16,SG-LRP-0-s543,-0.005411078687757254,-0.014539762400090694,-0.02601899392902851,-0.04472770169377327,-0.08023163676261902,-0.1332806646823883,0.002105116145685315,0.0074997772462666035,0.0123392129316926,0.016883019357919693,0.01666012778878212,-0.006200030446052551
sub_imgnt,vgg16,SG-LRP-0-s5432,-0.004702891688793898,-0.013456600718200207,-0.024061523377895355,-0.043560754507780075,-0.07743120193481445,-0.13008902966976166,0.0015689641004428267,0.007179186679422855,0.011578277684748173,0.015120159834623337,0.011721350252628326,-0.01636969856917858
sub_imgnt,vgg16,SG-LRP-0-s54321,-0.005074617452919483,-0.013742600567638874,-0.02359849214553833,-0.04172924533486366,-0.07607690244913101,-0.12989938259124756,0.0012353797210380435,0.006758041214197874,0.01050016563385725,0.01253538392484188,0.00759284570813179,-0.02420016936957836
sub_imgnt,vgg16,ST-LRP-0-s54,-0.0059551033191382885,-0.013044149614870548,-0.023020973429083824,-0.044159695506095886,-0.08681853115558624,-0.14695632457733154,0.0015049680368974805,0.005221695639193058,0.009714601561427116,0.01674356870353222,0.023413119837641716,0.012955142185091972
sub_imgnt,vgg16,ST-LRP-0-s543,-0.005423436406999826,-0.014703567139804363,-0.026807701215147972,-0.046359941363334656,-0.0853722020983696,-0.14222495257854462,0.0015464149182662368,0.007209432777017355,0.012974120676517487,0.01822461187839508,0.02071434259414673,0.004671452101320028
sub_imgnt,vgg16,ST-LRP-0-s5432,-0.005082160234451294,-0.01413025800138712,-0.02519054524600506,-0.04569614678621292,-0.08233589679002762,-0.13807643949985504,0.0018483264138922095,0.007701147347688675,0.01256629265844822,0.01702781952917576,0.016724921762943268,-0.005596899893134832
sub_imgnt,vgg16,ST-LRP-0-s54321,-0.004959995858371258,-0.014291821047663689,-0.024599865078926086,-0.0443643219769001,-0.08063550293445587,-0.13708356022834778,0.0017047191504389048,0.0076198880560696125,0.011969146318733692,0.014992482028901577,0.011947051621973515,-0.015031683258712292
sub_imgnt,vgg16,SIG-LRP-0-s54,-0.005954843480139971,-0.012745464220643044,-0.022399405017495155,-0.04359322786331177,-0.087286077439785,-0.1471312791109085,0.0010217566741630435,0.004865885246545076,0.009345442056655884,0.015790658071637154,0.023195793852210045,0.018159952014684677
sub_imgnt,vgg16,SIG-LRP-0-s543,-0.0056843506172299385,-0.014479704201221466,-0.025898095220327377,-0.04492181912064552,-0.08479733765125275,-0.14300113916397095,0.0012800489785149693,0.006818889640271664,0.012345104478299618,0.017012905329465866,0.021067915484309196,0.008475418202579021
sub_imgnt,vgg16,SIG-LRP-0-s5432,-0.005094308406114578,-0.013995985500514507,-0.024832477793097496,-0.044505588710308075,-0.0815751701593399,-0.13959693908691406,0.0016826529754325747,0.007282122038304806,0.012071213684976101,0.01646329089999199,0.01649954542517662,-0.0022108620032668114
sub_imgnt,vgg16,SIG-LRP-0-s54321,-0.004802615847438574,-0.013950617983937263,-0.02382246032357216,-0.042967889457941055,-0.07933585345745087,-0.13667809963226318,0.0016929717967286706,0.00741330161690712,0.011498656123876572,0.013858023099601269,0.010388635098934174,-0.013426054269075394
sub_top5,vgg16,SG-LRP-C-s54,-0.001872041029855609,-0.006212293636053801,-0.011458824388682842,-0.02240293100476265,-0.04326394200325012,-0.06650909036397934,0.004216202534735203,0.009359567426145077,0.016688130795955658,0.030938511714339256,0.05735297128558159,0.0832681730389595
sub_top5,vgg16,SG-LRP-C-s543,-0.001648927223868668,-0.006697220262140036,-0.012913522310554981,-0.02377859503030777,-0.04288854822516441,-0.06318140774965286,0.0039823404513299465,0.009283235296607018,0.016849907115101814,0.030843084678053856,0.05648297443985939,0.07805858552455902
sub_top5,vgg16,SG-LRP-C-s5432,-0.0013553114840760827,-0.005949765909463167,-0.012125455774366856,-0.02301107905805111,-0.04053810238838196,-0.061108652502298355,0.0038103049155324697,0.00904507003724575,0.015889087691903114,0.029395272955298424,0.05123329162597656,0.07311120629310608
sub_top5,vgg16,SG-LRP-C-s54321,-0.0013747167540714145,-0.006189335603266954,-0.011868946254253387,-0.022302264347672462,-0.03919622674584389,-0.05988292768597603,0.003202977357432246,0.008806231431663036,0.015106551349163055,0.02741956152021885,0.048761554062366486,0.07049218565225601
sub_top5,vgg16,ST-LRP-C-s54,-0.002017873339354992,-0.006164506543427706,-0.011363329365849495,-0.022425517439842224,-0.04350271448493004,-0.06659141927957535,0.004279154818505049,0.009340083226561546,0.01670079305768013,0.031451642513275146,0.05833238363265991,0.08309196680784225
sub_top5,vgg16,ST-LRP-C-s543,-0.0014360742643475533,-0.0067496756091713905,-0.012884191237390041,-0.02329523302614689,-0.0436939001083374,-0.06329701840877533,0.0040603443048894405,0.00941282045096159,0.016853483393788338,0.031000329181551933,0.05700572207570076,0.0778985247015953
sub_top5,vgg16,ST-LRP-C-s5432,-0.0012694373726844788,-0.005990111269056797,-0.012256188318133354,-0.0230195801705122,-0.04164174199104309,-0.06124186888337135,0.003503963351249695,0.009009218774735928,0.016072094440460205,0.029303837567567825,0.0520404651761055,0.0723814070224762
sub_top5,vgg16,ST-LRP-C-s54321,-0.0014648500364273787,-0.006222258787602186,-0.011801372282207012,-0.022494425997138023,-0.0398598238825798,-0.06001773476600647,0.0031748530454933643,0.008798085153102875,0.015218161046504974,0.02808293141424656,0.04915317893028259,0.06890903413295746
sub_top5,vgg16,SIG-LRP-C-s54,-0.0021652469877153635,-0.005954979453235865,-0.011128024198114872,-0.022135170176625252,-0.04309031739830971,-0.06634464859962463,0.003139590611681342,0.008003506809473038,0.014849032275378704,0.028445003554224968,0.0559375062584877,0.08353127539157867
sub_top5,vgg16,SIG-LRP-C-s543,-0.001491652918048203,-0.006096411030739546,-0.012104976922273636,-0.02195042558014393,-0.040372177958488464,-0.060780517756938934,0.0029722137842327356,0.007949401624500751,0.015267429873347282,0.02948417328298092,0.05533505603671074,0.08104432374238968
sub_top5,vgg16,SIG-LRP-C-s5432,-0.0010123767424374819,-0.00532511156052351,-0.011305558495223522,-0.021400926634669304,-0.03732369840145111,-0.05708885192871094,0.0028605926781892776,0.008075257763266563,0.014931632205843925,0.028813961893320084,0.05167962983250618,0.07743258774280548
sub_top5,vgg16,SIG-LRP-C-s54321,-0.0011981024872511625,-0.005498199257999659,-0.010650694370269775,-0.020550265908241272,-0.0364626869559288,-0.05586850270628929,0.002686266554519534,0.007804431486874819,0.014407536014914513,0.02749326452612877,0.05089053884148598,0.07571963220834732
sub_top5,vgg16,SIG-LID-Taylor-s54,-0.003292802255600691,-0.009114788845181465,-0.016261938959360123,-0.028485186398029327,-0.04776514321565628,-0.06371105462312698,0.004309512209147215,0.011530051939189434,0.02067214995622635,0.036361802369356155,0.06076539680361748,0.07733137905597687
sub_top5,vgg16,SIG-LID-Taylor-s543,-0.004063081927597523,-0.01326083019375801,-0.021823668852448463,-0.03173646330833435,-0.04703140631318092,-0.06107060983777046,0.005827032029628754,0.0159593615680933,0.026614459231495857,0.04106057062745094,0.06221037358045578,0.06995158642530441
sub_top5,vgg16,SIG-LID-Taylor-s5432,-0.004083178471773863,-0.012961573898792267,-0.021023644134402275,-0.031274642795324326,-0.044839538633823395,-0.057995982468128204,0.006906550377607346,0.017524806782603264,0.027625054121017456,0.041522588580846786,0.05637362599372864,0.06275620311498642
sub_top5,vgg16,SIG-LID-Taylor-s54321,-0.004887931048870087,-0.013793609105050564,-0.020820561796426773,-0.029970921576023102,-0.04190642759203911,-0.05514150857925415,0.006831764243543148,0.017701730132102966,0.026984605938196182,0.03934890776872635,0.05241716280579567,0.0571596659719944
sub_top5,vgg16,SIG-LID-IG-s54,-0.0022183286491781473,-0.007552426774054766,-0.01434239186346531,-0.02597997337579727,-0.0459267683327198,-0.06445814669132233,0.003395669860765338,0.008896424435079098,0.01597636379301548,0.029379937797784805,0.05525284260511398,0.0766703188419342
sub_top5,vgg16,SIG-LID-IG-s543,-0.0023939432576298714,-0.010473130270838737,-0.018633270636200905,-0.029201854020357132,-0.044512756168842316,-0.059474170207977295,0.0045569599606096745,0.012095390819013119,0.02122262492775917,0.03445425629615784,0.05643844977021217,0.07438355684280396
sub_top5,vgg16,SIG-LID-IG-s5432,-0.0043395813554525375,-0.012691001407802105,-0.019993381574749947,-0.029972808435559273,-0.04273327440023422,-0.057196054607629776,0.004970443435013294,0.012826894409954548,0.021393852308392525,0.03442540019750595,0.054777536541223526,0.07166291028261185
sub_top5,vgg16,SIG-LID-IG-s54321,-0.005096959415823221,-0.012609393335878849,-0.01973796635866165,-0.029004869982600212,-0.04121572896838188,-0.05554288253188133,0.005401227157562971,0.012912215664982796,0.020400146022439003,0.032458119094371796,0.05294793099164963,0.06896831095218658
sub_top5,vgg16,SG-LRP-0-s5,-0.0007531340233981609,-0.0034252589102834463,-0.0076488349586725235,-0.016037283465266228,-0.03356141224503517,-0.058577634394168854,0.002504471456632018,0.005662493407726288,0.010564593598246574,0.021470535546541214,0.04525144025683403,0.07607124000787735
sub_top5,vgg16,SG-LRP-ZP-s5,-0.001235512550920248,-0.003144096350297332,-0.005895882844924927,-0.012480373494327068,-0.028301656246185303,-0.05100920423865318,0.0028468116652220488,0.005000733770430088,0.008715935982763767,0.018407274037599564,0.040434274822473526,0.06506961584091187
sub_top5,vgg16,ST-LRP-0-s5,-0.0011196167906746268,-0.003981543704867363,-0.00821522157639265,-0.016718789935112,-0.03396277502179146,-0.058694109320640564,0.002700368408113718,0.005940545350313187,0.010953635908663273,0.022061675786972046,0.045694220811128616,0.07668249309062958
sub_top5,vgg16,ST-LRP-ZP-s5,0.0004169873718637973,0.0006859117420390248,2.7759420845541172e-05,-0.0022580279037356377,-0.008768782950937748,-0.018402785062789917,0.0007293247617781162,0.0013743569143116474,0.0031218850053846836,0.006886778865009546,0.014348534867167473,0.01936875283718109
sub_top5,vgg16,SIG-LRP-0-s5,-0.0004075257747899741,-0.0032057410571724176,-0.007522187661379576,-0.016739998012781143,-0.03453957661986351,-0.05883399397134781,0.0020269921515136957,0.004708652384579182,0.009296504780650139,0.01964999921619892,0.043577879667282104,0.07548672705888748
sub_top5,vgg16,SIG-LRP-ZP-s5,0.00034581474028527737,0.0012536953436210752,0.0019154866458848119,0.002818385139107704,0.0011803550878539681,-0.005459544248878956,0.00024970347294583917,0.00036903985892422497,0.0003859823336824775,0.0004123316612094641,0.00029570574406534433,0.0016141051892191172
sub_top5,vgg16,SIG-LID-Taylor-s5,-0.0006457704585045576,-0.0034997458569705486,-0.007844695821404457,-0.017103856429457664,-0.03514664247632027,-0.05934865400195122,0.0022245647851377726,0.004995224066078663,0.009517265483736992,0.019417935982346535,0.042919840663671494,0.07335309684276581
sub_top5,vgg16,SIG-LID-IG-s5,-0.0010797323193401098,-0.003641465213149786,-0.007767962291836739,-0.016953399404883385,-0.03477216884493828,-0.058337051421403885,0.0019773729145526886,0.0041349949315190315,0.008109875954687595,0.016996029764413834,0.03892719745635986,0.06923428177833557
sub_top5,vgg16,SG-LRP-0-s54,-0.0028302324935793877,-0.009311812929809093,-0.016187308356165886,-0.027433497831225395,-0.046292804181575775,-0.0616949088871479,0.004767906852066517,0.01207622792571783,0.021485649049282074,0.03783395141363144,0.061720263212919235,0.076639324426651
sub_top5,vgg16,SG-LRP-0-s543,-0.004054401069879532,-0.013228689320385456,-0.021950358524918556,-0.03218879923224449,-0.046657029539346695,-0.059788547456264496,0.006100886967033148,0.016178959980607033,0.026422811672091484,0.040684375911951065,0.0614398792386055,0.06940098106861115
sub_top5,vgg16,SG-LRP-0-s5432,-0.003815373172983527,-0.013294997625052929,-0.021394334733486176,-0.03162659704685211,-0.043933525681495667,-0.05525142699480057,0.0065340446308255196,0.0167711079120636,0.02687840163707733,0.04043964669108391,0.055826108902692795,0.062202438712120056
sub_top5,vgg16,SG-LRP-0-s54321,-0.003284656908363104,-0.01262009795755148,-0.019730189815163612,-0.0289575457572937,-0.04007710888981819,-0.052279919385910034,0.006340574938803911,0.01735447719693184,0.02643776498734951,0.03854993358254433,0.05220026895403862,0.05746573209762573
sub_top5,vgg16,SG-LRP-ZP-s54,-0.0015741055831313133,-0.005264136008918285,-0.009675616398453712,-0.019085867330431938,-0.038062360137701035,-0.05948733910918236,0.0035438125487416983,0.00792885385453701,0.013658296316862106,0.025861870497465134,0.0509151928126812,0.07320666313171387
sub_top5,vgg16,SG-LRP-ZP-s543,-0.000998297706246376,-0.005856523290276527,-0.011115560308098793,-0.02088492549955845,-0.038991525769233704,-0.057855527848005295,0.003574610920622945,0.007977019995450974,0.014166503213346004,0.02602575346827507,0.050792206078767776,0.06932102143764496
sub_top5,vgg16,SG-LRP-ZP-s5432,-0.0014286220539361238,-0.005346565507352352,-0.010624343529343605,-0.01963174343109131,-0.036747876554727554,-0.05634407699108124,0.0028290671762079,0.007545654196292162,0.013407327234745026,0.02517169900238514,0.047060370445251465,0.06614034622907639
sub_top5,vgg16,SG-LRP-ZP-s54321,-0.0011690855026245117,-0.005283947102725506,-0.00990370288491249,-0.01927710510790348,-0.03572703152894974,-0.05508090555667877,0.0027228165417909622,0.00755768408998847,0.013144799508154392,0.0246110912412405,0.045121584087610245,0.06443656980991364
sub_top5,vgg16,ST-LRP-0-s54,-0.003266336629167199,-0.00955537986010313,-0.016566196456551552,-0.028119884431362152,-0.04694299027323723,-0.061796799302101135,0.004584522917866707,0.01206960529088974,0.021624092012643814,0.0378708690404892,0.061928268522024155,0.07651165127754211
sub_top5,vgg16,ST-LRP-0-s543,-0.00433732196688652,-0.013594233430922031,-0.02234974503517151,-0.03252456709742546,-0.047279372811317444,-0.05946420878171921,0.005977170076221228,0.016049040481448174,0.026326525956392288,0.040908411145210266,0.06099310144782066,0.06793270260095596
sub_top5,vgg16,ST-LRP-0-s5432,-0.0040560574270784855,-0.013427822850644588,-0.02163640595972538,-0.03175998479127884,-0.04391035810112953,-0.05545506626367569,0.006508758291602135,0.016949059441685677,0.026934826746582985,0.04048871994018555,0.05586691573262215,0.06268151849508286
sub_top5,vgg16,ST-LRP-0-s54321,-0.0035145021975040436,-0.012833263725042343,-0.019757792353630066,-0.028613591566681862,-0.03993140161037445,-0.0530516542494297,0.006553336977958679,0.0174032561480999,0.026594173163175583,0.03894376754760742,0.05288571119308472,0.05796818807721138
sub_top5,vgg16,ST-LRP-ZP-s54,0.0009040864533744752,0.0009067881619557738,0.00012122270709369332,-0.0030260581988841295,-0.010644661262631416,-0.020460719242691994,0.001424995600245893,0.0023669754154980183,0.004812249448150396,0.008150361478328705,0.0140377227216959,0.01714029535651207
sub_top5,vgg16,ST-LRP-ZP-s543,0.0006578261381946504,0.0003611458814702928,-0.00040361681021749973,-0.0014488588785752654,-0.007821117527782917,-0.016343005001544952,0.0011759131448343396,0.0019407348008826375,0.004036265891045332,0.007019576616585255,0.015196218155324459,0.015390687622129917
sub_top5,vgg16,ST-LRP-ZP-s5432,0.0006868087803013623,0.0006351171177811921,-0.00043927086517214775,-0.002214554464444518,-0.0077523100189864635,-0.01523925457149744,0.0009027137421071529,0.0014299480244517326,0.0034965514205396175,0.007470106240361929,0.013936946168541908,0.014921671710908413
sub_top5,vgg16,ST-LRP-ZP-s54321,0.0004979915684089065,0.00018869117775466293,-0.00031312197097577155,-0.0021317002829164267,-0.008050169795751572,-0.0157022587954998,0.0009448695927858353,0.001743656350299716,0.003561671357601881,0.00740968668833375,0.01326926238834858,0.01440198440104723
sub_top5,vgg16,SIG-LRP-0-s54,-0.003358940128237009,-0.009233507327735424,-0.016459733247756958,-0.02859450876712799,-0.04733198136091232,-0.06332036107778549,0.004684838932007551,0.012452807277441025,0.021985240280628204,0.03816542401909828,0.06264030933380127,0.07798436284065247
sub_top5,vgg16,SIG-LRP-0-s543,-0.004032409284263849,-0.012477338314056396,-0.02058185450732708,-0.030576985329389572,-0.04534604400396347,-0.059001341462135315,0.005815823096781969,0.015453595668077469,0.02608979493379593,0.04069841280579567,0.061618685722351074,0.07010387629270554
sub_top5,vgg16,SIG-LRP-0-s5432,-0.0038986182771623135,-0.012601367197930813,-0.020071765407919884,-0.029905464500188828,-0.0433879978954792,-0.056527379900217056,0.006365703884512186,0.01634651981294155,0.02610328234732151,0.040194619446992874,0.05647469311952591,0.06394487619400024
sub_top5,vgg16,SIG-LRP-0-s54321,-0.003598869312554598,-0.012319439090788364,-0.019151415675878525,-0.028017958626151085,-0.039501678198575974,-0.053018443286418915,0.005970122758299112,0.016841677948832512,0.026084642857313156,0.03822644427418709,0.05106181651353836,0.05629686266183853
sub_top5,vgg16,SIG-LRP-ZP-s54,0.0010652185883373022,0.001625682576559484,0.002666907384991646,0.003617051523178816,0.0025862993206828833,-0.004421149380505085,0.0003369127807673067,0.0005657360306940973,0.0007599089294672012,0.0008763768710196018,0.0005043901037424803,0.002103714505210519
sub_top5,vgg16,SIG-LRP-ZP-s543,0.0014245450729504228,0.0014559380942955613,0.0025215742643922567,0.0039491429924964905,0.004908598959445953,-0.004883848130702972,0.0003189465496689081,0.0004981841193512082,0.000556215934921056,0.0006468977080658078,0.0009539464954286814,0.002058315323665738
sub_top5,vgg16,SIG-LRP-ZP-s5432,0.0009505691123194993,0.0012632851721718907,0.001892661675810814,0.003036638256162405,0.002824503928422928,-0.0058628288097679615,0.00031757939723320305,0.0005635981215164065,0.0005888679879717529,0.0008426930289715528,0.00117359752766788,0.0020283875055611134
sub_top5,vgg16,SIG-LRP-ZP-s54321,0.0010534388711676002,0.0013617589138448238,0.001910270657390356,0.003336286172270775,0.0029965564608573914,-0.004557529464364052,0.0003210684808436781,0.0005311052082106471,0.0005926588200964034,0.0007993770996108651,0.0013040963094681501,0.0019748900085687637
