sub_imgnt,vgg16,GradCAM-s5,-0.0209500789642334,-0.04334627836942673,-0.06745626032352448,-0.09548286348581314,-0.13180722296237946,-0.17848560214042664,-0.2453135997056961,-0.3350573778152466,-0.47397372126579285
sub_imgnt,vgg16,GradCAM-origin-s5,-0.014233089983463287,-0.039159324020147324,-0.06594204902648926,-0.09533712267875671,-0.1316787600517273,-0.17845632135868073,-0.24570243060588837,-0.33522918820381165,-0.47410643100738525
sub_imgnt,vgg16,SG-GradCAM-origin-s5,-0.005429016891866922,-0.050924427807331085,-0.09622514992952347,-0.14261342585086823,-0.187096506357193,-0.23622220754623413,-0.3020387887954712,-0.3845370411872864,-0.5014175772666931
sub_imgnt,vgg16,LayerCAM-s5,-0.029419420287013054,-0.04728288576006889,-0.06875153630971909,-0.09281222522258759,-0.1267438530921936,-0.1726054698228836,-0.2352953553199768,-0.32437944412231445,-0.46305012702941895
sub_imgnt,vgg16,ScoreCAM-s5,-0.025449801236391068,-0.03700661659240723,-0.05120148882269859,-0.06861212849617004,-0.09272456914186478,-0.1310550719499588,-0.19331781566143036,-0.2878183424472809,-0.43646150827407837
sub_imgnt,vgg16,IG-s5,-0.010061593726277351,-0.032594043761491776,-0.05358864739537239,-0.07542487233877182,-0.10552600026130676,-0.14830487966537476,-0.21255716681480408,-0.30824095010757446,-0.45671582221984863
sub_imgnt,vgg16,SIG-s5,0.0007853031856939197,-0.02928350679576397,-0.0642753541469574,-0.09716082364320755,-0.13499219715595245,-0.18500223755836487,-0.25399237871170044,-0.3459307849407196,-0.47710952162742615
sub_imgnt,vgg16,LRP-0-s5,-0.017846114933490753,-0.04411754012107849,-0.07571646571159363,-0.1087399497628212,-0.15140865743160248,-0.20040446519851685,-0.26810264587402344,-0.3542110323905945,-0.4758717119693756
sub_imgnt,vgg16,LRP-ZP-s5,-0.034346144646406174,-0.05756619572639465,-0.08326730877161026,-0.11220705509185791,-0.15145434439182281,-0.2024649679660797,-0.27192386984825134,-0.3582559823989868,-0.4833594262599945
sub_imgnt,vgg16,SG-LRP-0-s5,-0.03675312548875809,-0.11056818813085556,-0.17810702323913574,-0.2397683560848236,-0.29325902462005615,-0.34124651551246643,-0.3971370458602905,-0.45776814222335815,-0.5398226976394653
sub_imgnt,vgg16,SG-LRP-ZP-s5,-0.043774884194135666,-0.11979377269744873,-0.19343777000904083,-0.2535889148712158,-0.3033542037010193,-0.348360538482666,-0.4017682373523712,-0.46084070205688477,-0.541558563709259
sub_imgnt,vgg16,ST-LRP-0-s5,-0.004626320209354162,-0.052877865731716156,-0.09911153465509415,-0.14762140810489655,-0.1981499344110489,-0.25146955251693726,-0.31404829025268555,-0.39115604758262634,-0.49960801005363464
sub_imgnt,vgg16,ST-LRP-ZP-s5,-0.03435572236776352,-0.06288447976112366,-0.0943792536854744,-0.12787526845932007,-0.1698921173810959,-0.22139281034469604,-0.2890210449695587,-0.3743497133255005,-0.4933338761329651
sub_imgnt,vgg16,SIG-LRP-0-s5,0.007096925284713507,-0.020403504371643066,-0.055327147245407104,-0.09562448412179947,-0.13660497963428497,-0.18760362267494202,-0.25408926606178284,-0.34366124868392944,-0.47487449645996094
sub_imgnt,vgg16,SIG-LRP-ZP-s5,-0.0339837446808815,-0.05685345456004143,-0.08207058906555176,-0.11108781397342682,-0.1502167284488678,-0.2012118548154831,-0.27061107754707336,-0.3575097620487213,-0.48275038599967957
sub_imgnt,vgg16,LID-Taylor-s5,-0.011281780898571014,-0.038994595408439636,-0.06180969625711441,-0.08684293925762177,-0.11712184548377991,-0.1609053909778595,-0.22565282881259918,-0.3239949345588684,-0.4649340808391571
sub_imgnt,vgg16,LID-IG-s5,-0.015031975694000721,-0.029542746022343636,-0.04454953595995903,-0.06428172439336777,-0.0901966467499733,-0.13397668302059174,-0.20009830594062805,-0.2980121672153473,-0.4495762586593628
sub_imgnt,vgg16,ST-LID-Taylor-s5,-0.0002703388163354248,-0.04672602564096451,-0.09327734261751175,-0.13442650437355042,-0.1818990260362625,-0.23044100403785706,-0.2937335968017578,-0.37752047181129456,-0.49576398730278015
sub_imgnt,vgg16,ST-LID-IG-s5,0.0072501907125115395,-0.021726250648498535,-0.05409324914216995,-0.08785118907690048,-0.1258043646812439,-0.17389880120754242,-0.2412555068731308,-0.33345192670822144,-0.47271600365638733
sub_imgnt,vgg16,SIG-LID-Taylor-s5,0.010881999507546425,-0.01705017499625683,-0.04714958369731903,-0.07846228033304214,-0.1133524626493454,-0.160324364900589,-0.2229238748550415,-0.3218992054462433,-0.4652845561504364
sub_imgnt,vgg16,SIG-LID-IG-s5,0.012438547797501087,0.0002518787223380059,-0.017883015796542168,-0.041390422731637955,-0.07176341116428375,-0.11559758335351944,-0.18515217304229736,-0.2877327501773834,-0.44488221406936646
sub_imgnt,vgg16,ST-LID-Taylor-s4,-0.04654422774910927,-0.1683569699525833,-0.2594977021217346,-0.3235228955745697,-0.37816235423088074,-0.4240572154521942,-0.4601983428001404,-0.5025140643119812,-0.5514109134674072
sub_imgnt,vgg16,ST-LID-Taylor-s3,-0.2076556533575058,-0.40948766469955444,-0.5087164640426636,-0.5570473074913025,-0.5771095156669617,-0.5895023345947266,-0.5975995063781738,-0.602536678314209,-0.6101086735725403
sub_imgnt,vgg16,ST-LID-IG-s4,0.012786046601831913,-0.03274263069033623,-0.07737142592668533,-0.12120441347360611,-0.1616639643907547,-0.21051767468452454,-0.2742893695831299,-0.35331976413726807,-0.4668090343475342
sub_imgnt,vgg16,ST-LID-IG-s3,-0.00010122127423528582,-0.06876153498888016,-0.12771403789520264,-0.182296484708786,-0.2366885244846344,-0.2904941439628601,-0.3548698127269745,-0.42814895510673523,-0.5207080841064453
sub_imgnt,vgg16,LayerCAM-s54,-0.026757296174764633,-0.045739445835351944,-0.06685757637023926,-0.09460064768791199,-0.1283755898475647,-0.1661989390850067,-0.2261984497308731,-0.3082711398601532,-0.4369949698448181
sub_imgnt,vgg16,LayerCAM-s543,-0.027250587940216064,-0.04661456122994423,-0.0707818791270256,-0.10160800814628601,-0.14059455692768097,-0.18423829972743988,-0.2413966953754425,-0.3224002718925476,-0.4375521242618561
sub_imgnt,vgg16,LayerCAM-s5432,-0.025862878188490868,-0.04796694219112396,-0.07684613764286041,-0.1133585274219513,-0.15305715799331665,-0.20180261135101318,-0.26138821244239807,-0.3431861102581024,-0.4559789001941681
sub_imgnt,vgg16,LayerCAM-s54321,-0.021898265928030014,-0.04432903230190277,-0.07388720661401749,-0.10972641408443451,-0.15064428746700287,-0.20125234127044678,-0.26785704493522644,-0.350708544254303,-0.4645349085330963
sub_imgnt,vgg16,SG-LRP-ZP-s54,-0.04337326064705849,-0.11521436274051666,-0.18060609698295593,-0.23225228488445282,-0.28035056591033936,-0.32387015223503113,-0.37414902448654175,-0.43583250045776367,-0.5233241319656372
sub_imgnt,vgg16,SG-LRP-ZP-s543,-0.04109382629394531,-0.1124756783246994,-0.17621776461601257,-0.22757303714752197,-0.2724454402923584,-0.31356847286224365,-0.36536428332328796,-0.42721790075302124,-0.516579270362854
sub_imgnt,vgg16,SG-LRP-ZP-s5432,-0.036130376160144806,-0.10868130624294281,-0.17159825563430786,-0.22389619052410126,-0.2683897912502289,-0.3077165186405182,-0.3611888885498047,-0.4251289963722229,-0.5137807726860046
sub_imgnt,vgg16,SG-LRP-ZP-s54321,-0.031536102294921875,-0.10542318969964981,-0.16863572597503662,-0.2218703031539917,-0.26621732115745544,-0.3050725758075714,-0.35633382201194763,-0.42374521493911743,-0.5140231847763062
sub_imgnt,vgg16,SG-LRP-C-s54,-0.037793807685375214,-0.10816464573144913,-0.17036889493465424,-0.22515751421451569,-0.2725907266139984,-0.31629741191864014,-0.36951932311058044,-0.43035995960235596,-0.5192111730575562
sub_imgnt,vgg16,SG-LRP-C-s543,-0.035164494067430496,-0.10226308554410934,-0.1646864265203476,-0.21897631883621216,-0.26115721464157104,-0.30714359879493713,-0.3575226366519928,-0.42273539304733276,-0.5116923451423645
sub_imgnt,vgg16,SG-LRP-C-s5432,-0.029714880511164665,-0.09774912148714066,-0.1616183966398239,-0.2135106325149536,-0.25596702098846436,-0.3006267845630646,-0.3537500500679016,-0.4199245870113373,-0.5107998847961426
sub_imgnt,vgg16,SG-LRP-C-s54321,-0.025544269010424614,-0.09385962039232254,-0.15925370156764984,-0.2109380066394806,-0.25190842151641846,-0.2982059121131897,-0.351128488779068,-0.4197179675102234,-0.5113308429718018
sub_imgnt,vgg16,ST-LRP-ZP-s54,-0.036440715193748474,-0.0652143657207489,-0.09708216041326523,-0.1318635195493698,-0.17185360193252563,-0.2165389060974121,-0.279809832572937,-0.3603711724281311,-0.4717675745487213
sub_imgnt,vgg16,ST-LRP-ZP-s543,-0.03486344590783119,-0.06697727739810944,-0.10140060633420944,-0.13783852756023407,-0.17965292930603027,-0.2303721308708191,-0.2867571711540222,-0.36201611161231995,-0.4694008529186249
sub_imgnt,vgg16,ST-LRP-ZP-s5432,-0.034361157566308975,-0.07035046070814133,-0.10885214805603027,-0.14850588142871857,-0.1920856535434723,-0.24497079849243164,-0.3024519979953766,-0.3758692145347595,-0.4760987162590027
sub_imgnt,vgg16,ST-LRP-ZP-s54321,-0.032463718205690384,-0.06922389566898346,-0.10946284234523773,-0.15099050104618073,-0.19540919363498688,-0.2504361867904663,-0.3103103041648865,-0.3834398090839386,-0.48083221912384033
sub_imgnt,vgg16,ST-LRP-C-s54,0.0006897724815644324,-0.03960966691374779,-0.07870163023471832,-0.11941702663898468,-0.16244761645793915,-0.21473219990730286,-0.27904102206230164,-0.3603910505771637,-0.47557753324508667
sub_imgnt,vgg16,ST-LRP-C-s543,0.004575659986585379,-0.03325624018907547,-0.07047586143016815,-0.10958805680274963,-0.15354834496974945,-0.20713558793067932,-0.27133598923683167,-0.35340288281440735,-0.4695410430431366
sub_imgnt,vgg16,ST-LRP-C-s5432,0.009646395221352577,-0.027215786278247833,-0.06488708406686783,-0.10489553958177567,-0.1534070372581482,-0.20883867144584656,-0.2739800810813904,-0.3606957793235779,-0.4732641875743866
sub_imgnt,vgg16,ST-LRP-C-s54321,0.014593357220292091,-0.023138999938964844,-0.06101209670305252,-0.10193276405334473,-0.15347343683242798,-0.20825904607772827,-0.276434063911438,-0.3669659197330475,-0.4767652153968811
sub_imgnt,vgg16,SIG-LRP-ZP-s54,-0.03534198924899101,-0.058224596083164215,-0.0837019756436348,-0.11479279398918152,-0.15004852414131165,-0.1957373172044754,-0.2599119544029236,-0.3426629900932312,-0.46059450507164
sub_imgnt,vgg16,SIG-LRP-ZP-s543,-0.03389235585927963,-0.0587887316942215,-0.08731148391962051,-0.12035639584064484,-0.15801455080509186,-0.20819547772407532,-0.26651322841644287,-0.34428516030311584,-0.4576428532600403
sub_imgnt,vgg16,SIG-LRP-ZP-s5432,-0.03377180173993111,-0.06182815507054329,-0.09485527127981186,-0.1306534707546234,-0.1706905961036682,-0.22203361988067627,-0.2826721966266632,-0.3578912913799286,-0.46502968668937683
sub_imgnt,vgg16,SIG-LRP-ZP-s54321,-0.03134011849761009,-0.05929022654891014,-0.09444344788789749,-0.13196627795696259,-0.1734466254711151,-0.22811409831047058,-0.29024285078048706,-0.36640122532844543,-0.4699307978153229
sub_imgnt,vgg16,SIG-LRP-C-s54,0.013960778713226318,-0.008302231319248676,-0.03761717304587364,-0.06845211982727051,-0.10888510197401047,-0.15591786801815033,-0.22297970950603485,-0.31150707602500916,-0.4450289309024811
sub_imgnt,vgg16,SIG-LRP-C-s543,0.01697435788810253,-0.0018634662264958024,-0.029970895498991013,-0.06151996925473213,-0.10289309918880463,-0.15202797949314117,-0.21984340250492096,-0.31006091833114624,-0.4420696198940277
sub_imgnt,vgg16,SIG-LRP-C-s5432,0.02036558836698532,0.0025187258142977953,-0.026779690757393837,-0.061164602637290955,-0.10547974705696106,-0.16210269927978516,-0.2290317863225937,-0.32287898659706116,-0.4474540054798126
sub_imgnt,vgg16,SIG-LRP-C-s54321,0.023719623684883118,0.006046202499419451,-0.023183228448033333,-0.05991949886083603,-0.10710588097572327,-0.1658230870962143,-0.23682968318462372,-0.33199357986450195,-0.4533455967903137
sub_imgnt,vgg16,SIG-LID-Taylor-s54,0.02850165404379368,-0.0069581130519509315,-0.0479549802839756,-0.08924447000026703,-0.13089072704315186,-0.18126264214515686,-0.2475815862417221,-0.3344250023365021,-0.45797738432884216
sub_imgnt,vgg16,SIG-LID-Taylor-s543,0.03386301174759865,-0.017325378954410553,-0.07069983333349228,-0.12554793059825897,-0.17696133255958557,-0.23384371399879456,-0.2978249788284302,-0.37419065833091736,-0.48387253284454346
sub_imgnt,vgg16,SIG-LID-Taylor-s5432,0.028236303478479385,-0.03920935466885567,-0.1062043160200119,-0.1710478663444519,-0.2291833907365799,-0.2875221073627472,-0.34898099303245544,-0.4208037853240967,-0.5167810320854187
sub_imgnt,vgg16,SIG-LID-IG-s54,0.024934398010373116,0.014191350899636745,-0.0049686008132994175,-0.02747979573905468,-0.05726132541894913,-0.09902218729257584,-0.1644079089164734,-0.2629680633544922,-0.41597050428390503
sub_imgnt,vgg16,SIG-LID-IG-s543,0.03136669471859932,0.021758852526545525,0.0006785781006328762,-0.02597464621067047,-0.05683160200715065,-0.10409758239984512,-0.16968534886837006,-0.26551389694213867,-0.4166721999645233
sub_imgnt,vgg16,SIG-LID-IG-s5432,0.03797982260584831,0.022964876145124435,-0.0009831066709011793,-0.028776317834854126,-0.06467387825250626,-0.11305256187915802,-0.18020951747894287,-0.27881088852882385,-0.42335423827171326
sub_imgnt,vgg16,SIG-LID-IG-s54321,0.041226886212825775,0.027868248522281647,0.003655408276244998,-0.027363670989871025,-0.0636771097779274,-0.11481142044067383,-0.1845977008342743,-0.28496041893959045,-0.4270208477973938
sub_imgnt,vgg16,SIG-LID-IG-s43,0.0311357993632555,0.005072586704045534,-0.027497529983520508,-0.06419415026903152,-0.10591477155685425,-0.15918442606925964,-0.22688807547092438,-0.31893041729927063,-0.44749486446380615
sub_imgnt,vgg16,SIG-LID-IG-s432,0.03505177050828934,0.0068718139082193375,-0.027948539704084396,-0.07029516249895096,-0.11375322192907333,-0.16792508959770203,-0.2408338338136673,-0.3317258954048157,-0.46254706382751465
sub_imgnt,vgg16,SIG-LID-IG-s32,0.01601727306842804,-0.03161371126770973,-0.08112729340791702,-0.1349344253540039,-0.18713726103305817,-0.24642260372638702,-0.32383567094802856,-0.40698832273483276,-0.5185509920120239
sub_imgnt,res34,GradCAM-origin-s5,-0.007521696388721466,-0.018671350553631783,-0.03559185564517975,-0.06413601338863373,-0.105820432305336,-0.17227093875408173,-0.2650243043899536,-0.3928418457508087,-0.5387020111083984
sub_imgnt,res34,GradCAM-s5,-0.007687765173614025,-0.018789295107126236,-0.035639651119709015,-0.06405481696128845,-0.10573019832372665,-0.17236237227916718,-0.2651161551475525,-0.3930276334285736,-0.5387091636657715
sub_imgnt,res34,LayerCAM-s5,-0.014727175235748291,-0.029522374272346497,-0.05036039277911186,-0.0799059271812439,-0.12380307167768478,-0.18690112233161926,-0.2782563269138336,-0.3973069190979004,-0.5405485033988953
sub_imgnt,res34,ScoreCAM-s5,-0.014799804426729679,-0.025083886459469795,-0.04526006802916527,-0.07747434824705124,-0.11979176849126816,-0.1890033632516861,-0.2808302044868469,-0.4037861227989197,-0.5497264266014099
sub_imgnt,res34,SG-GradCAM-origin-s5,0.012643178924918175,0.001673154067248106,-0.017322294414043427,-0.0498407781124115,-0.10140421241521835,-0.17614862322807312,-0.2835509777069092,-0.407542884349823,-0.550896406173706
sub_imgnt,res34,LID-Taylor-s5,-0.007345079444348812,-0.017646843567490578,-0.034270141273736954,-0.06304965913295746,-0.10552728921175003,-0.17123879492282867,-0.26409846544265747,-0.39051610231399536,-0.5404357314109802
sub_imgnt,res34,LID-IG-s5,-0.007345535792410374,-0.017646780237555504,-0.03427095338702202,-0.06304928660392761,-0.10552739351987839,-0.17124128341674805,-0.26409798860549927,-0.3905166685581207,-0.5404338836669922
sub_imgnt,res34,SIG-LID-Taylor-s5,0.014520946890115738,0.010688920505344868,-0.004073616117238998,-0.036671917885541916,-0.08114681392908096,-0.15488030016422272,-0.25435447692871094,-0.3871443569660187,-0.5390345454216003
sub_imgnt,res34,SIG-LID-IG-s5,0.014521296136081219,0.010688941925764084,-0.004073468968272209,-0.036671873182058334,-0.08114627748727798,-0.1548803597688675,-0.25435471534729004,-0.38714438676834106,-0.5390354990959167
sub_imgnt,res34,SIG-LID-Taylor-s54,0.02701825462281704,0.014048815704882145,-0.012237169779837132,-0.06230560317635536,-0.1306273192167282,-0.21755148470401764,-0.3346238136291504,-0.4622284173965454,-0.5737873315811157
sub_imgnt,res34,SIG-LID-Taylor-s543,0.04131203517317772,0.019954657182097435,-0.022472353652119637,-0.09159152954816818,-0.17599695920944214,-0.2698618471622467,-0.37858816981315613,-0.48946717381477356,-0.5891795754432678
sub_imgnt,res34,SIG-LID-Taylor-s5432,0.042251117527484894,0.01772111840546131,-0.03212401643395424,-0.1050666943192482,-0.19098420441150665,-0.2908459007740021,-0.39738601446151733,-0.5025513768196106,-0.5976274013519287
sub_imgnt,res34,SIG-LID-IG-s54,0.023983044549822807,0.018242623656988144,0.0025839698500931263,-0.026279961690306664,-0.07100359350442886,-0.13652844727039337,-0.22663632035255432,-0.3477267324924469,-0.5023753643035889
sub_imgnt,res34,SIG-LID-IG-s543,0.034145843237638474,0.031839847564697266,0.014338567852973938,-0.014704210683703423,-0.0576988086104393,-0.1232752799987793,-0.21032723784446716,-0.32787206768989563,-0.4876682460308075
sub_imgnt,res34,SIG-LID-IG-s5432,0.041660819202661514,0.038169048726558685,0.020680779591202736,-0.0067736366763710976,-0.049603644758462906,-0.1136465072631836,-0.2026016265153885,-0.32628050446510315,-0.4937156140804291
sub_imgnt,res34,SIG-LID-IG-s54321,0.037697821855545044,0.029153892770409584,0.007449197117239237,-0.02771672233939171,-0.07374152541160583,-0.14094994962215424,-0.23320910334587097,-0.3576195240020752,-0.5185302495956421
sub_imgnt,res34,SIG-LID-IG-s43,0.04388360306620598,0.025855785235762596,-0.008669339120388031,-0.05366487428545952,-0.11491924524307251,-0.1856876164674759,-0.2747689485549927,-0.3840600848197937,-0.5137717723846436
sub_imgnt,googlenet,GradCAM-origin-s5,-0.00976138561964035,-0.019062133505940437,-0.03522615507245064,-0.06488436460494995,-0.11208036541938782,-0.172929048538208,-0.25236746668815613,-0.35338523983955383,-0.45852771401405334
sub_imgnt,googlenet,GradCAM-s5,-0.00976138561964035,-0.019062133505940437,-0.03522615507245064,-0.06488436460494995,-0.11208036541938782,-0.172929048538208,-0.25236746668815613,-0.35338523983955383,-0.45852771401405334
sub_imgnt,googlenet,SG-GradCAM-origin-s5,0.007478677202016115,-0.00011513638310134411,-0.019722172990441322,-0.052016355097293854,-0.09990201890468597,-0.16086210310459137,-0.2466457635164261,-0.350643128156662,-0.46209627389907837
sub_imgnt,googlenet,ScoreCAM-s5,-0.02026425674557686,-0.033144760876894,-0.05105167254805565,-0.079967200756073,-0.12552155554294586,-0.18857361376285553,-0.2625158429145813,-0.35773032903671265,-0.4609812796115875
sub_imgnt,googlenet,SIG-LID-Taylor-s5,0.0023470884189009666,-0.0054288567043840885,-0.022733421996235847,-0.04964462295174599,-0.09633024036884308,-0.15919093787670135,-0.2449008673429489,-0.34904196858406067,-0.4571308493614197
sub_imgnt,googlenet,SIG-LID-IG-s5,0.002564662601798773,-0.005436975508928299,-0.02252599410712719,-0.049571435898542404,-0.09637338668107986,-0.1592501699924469,-0.2449168860912323,-0.3490189015865326,-0.45716404914855957
sub_imgnt,googlenet,SIG-LID-IG-s4,-0.009995551779866219,-0.052758507430553436,-0.10035344213247299,-0.16120006144046783,-0.2247042953968048,-0.28985702991485596,-0.35944506525993347,-0.42381367087364197,-0.4834579825401306
sub_imgnt,googlenet,SIG-LID-IG-s54,0.005443674512207508,-0.001966453855857253,-0.020202478393912315,-0.04791281744837761,-0.08729909360408783,-0.1458682119846344,-0.23240341246128082,-0.3313460350036621,-0.4449886083602905
sub_imgnt,googlenet,SIG-LID-IG-s543,0.014051049016416073,0.006284357979893684,-0.00931271631270647,-0.037677887827157974,-0.078929603099823,-0.13613741099834442,-0.22377248108386993,-0.3267776370048523,-0.44441211223602295
sub_imgnt,googlenet,SIG-LID-IG-s5432,0.014965387992560863,0.006568331737071276,-0.015052903443574905,-0.04598715156316757,-0.0908123105764389,-0.15146470069885254,-0.24066683650016785,-0.3428780734539032,-0.4561431407928467
sub_imgnt,googlenet,SIG-LID-IG-s54321,0.018206370994448662,0.009477194398641586,-0.014348183758556843,-0.04558485746383667,-0.09445283561944962,-0.15630416572093964,-0.2468751221895218,-0.3503924310207367,-0.46143627166748047
sub_imgnt,vgg16,LID-Taylor-r0-s5,-0.010747863911092281,-0.03787856921553612,-0.059281088411808014,-0.08631495386362076,-0.11958416551351547,-0.16547006368637085,-0.2264193743467331,-0.3258167505264282,-0.46657365560531616
sub_imgnt,vgg16,LID-IG-s5-r0,-0.01443452388048172,-0.028806744143366814,-0.04540342465043068,-0.06268847733736038,-0.0894220694899559,-0.13088487088680267,-0.19803591072559357,-0.29796814918518066,-0.4491923749446869
sub_imgnt,vgg16,SIG-LID-Taylor-r0-s5,0.010973116382956505,-0.016185419633984566,-0.04404894635081291,-0.07622960209846497,-0.11427944898605347,-0.1607377827167511,-0.22632719576358795,-0.3217344284057617,-0.464132696390152
sub_imgnt,vgg16,SIG-LID-IG-r0-s5,0.013906881213188171,0.00254097324796021,-0.01586470939218998,-0.03833622485399246,-0.06822288781404495,-0.1127447634935379,-0.1826315075159073,-0.2858072817325592,-0.44457176327705383
sub_imgnt,vgg16,SIG-LID-Taylor-r0-s54,0.029982512816786766,-0.007474452722817659,-0.04686807841062546,-0.0899142324924469,-0.1377730369567871,-0.18698132038116455,-0.2516445219516754,-0.3380824625492096,-0.45916762948036194
sub_imgnt,vgg16,SIG-LID-Taylor-r0-s543,0.033249381929636,-0.01975124701857567,-0.07513894885778427,-0.13239294290542603,-0.1865420788526535,-0.24454869329929352,-0.30447056889533997,-0.37826308608055115,-0.486434668302536
sub_imgnt,vgg16,SIG-LID-Taylor-r0-s5432,0.02574876695871353,-0.04582342505455017,-0.11437107622623444,-0.17589573562145233,-0.23840917646884918,-0.2960702180862427,-0.35600486397743225,-0.4246807098388672,-0.5192811489105225
sub_imgnt,vgg16,SIG-LID-Taylor-r0-s54321,0.016128070652484894,-0.058766838163137436,-0.12971988320350647,-0.19762961566448212,-0.2602229714393616,-0.3214505910873413,-0.38324564695358276,-0.44917216897010803,-0.5376831889152527
sub_imgnt,vgg16,SIG-LID-IG-r0-s54,0.027512285858392715,0.015502351336181164,-0.003498407546430826,-0.026618944481015205,-0.05536563694477081,-0.10134809464216232,-0.16470040380954742,-0.2627253830432892,-0.41799065470695496
sub_imgnt,vgg16,SIG-LID-IG-r0-s543,0.034587811678647995,0.022637562826275826,0.0014001441886648536,-0.026538027450442314,-0.060606054961681366,-0.10811802744865417,-0.17175309360027313,-0.2663423418998718,-0.41639071702957153
sub_imgnt,vgg16,SIG-LID-IG-r0-s5432,0.03902429714798927,0.023499729111790657,-0.00250617484562099,-0.0325009822845459,-0.07045026123523712,-0.12047532945871353,-0.1864027976989746,-0.2835538387298584,-0.4283285140991211
sub_imgnt,vgg16,SIG-LID-IG-r0-s54321,0.04331430047750473,0.026272699236869812,-7.419483154080808e-05,-0.03082059882581234,-0.07122430205345154,-0.12282335758209229,-0.1923942267894745,-0.2887516915798187,-0.4342448115348816
sub_imgnt,vgg16,LRP-C-s4,-0.005667863879352808,-0.025468729436397552,-0.05248665809631348,-0.08950689435005188,-0.13670913875102997,-0.19102224707603455,-0.2573908269405365,-0.3439277112483978,-0.45849066972732544
sub_imgnt,vgg16,LRP-C-s3,-0.010754860937595367,-0.03969794884324074,-0.07840239256620407,-0.130431666970253,-0.18982769548892975,-0.255422443151474,-0.3312075436115265,-0.4136313498020172,-0.513016402721405
sub_imgnt,vgg16,LRP-C-s2,-0.013651045970618725,-0.05247468128800392,-0.10198754817247391,-0.16363024711608887,-0.23165446519851685,-0.3058542013168335,-0.38867342472076416,-0.47230809926986694,-0.5544600486755371
sub_imgnt,vgg16,LRP-C-s1,-0.015624764375388622,-0.057397373020648956,-0.11031001061201096,-0.16903162002563477,-0.23189066350460052,-0.3066939413547516,-0.3895433247089386,-0.4804881811141968,-0.5665847659111023
sub_imgnt,vgg16,LRP-ZP-s4,-0.039155423641204834,-0.06652258336544037,-0.10092517733573914,-0.13714540004730225,-0.1800599843263626,-0.23136234283447266,-0.29101282358169556,-0.3663315773010254,-0.4742136597633362
sub_imgnt,vgg16,LRP-ZP-s3,-0.041967056691646576,-0.07744396477937698,-0.12074068188667297,-0.17029120028018951,-0.22211532294750214,-0.282808780670166,-0.34752723574638367,-0.41787976026535034,-0.5070942044258118
sub_imgnt,vgg16,LRP-ZP-s2,-0.04415297508239746,-0.0856146514415741,-0.1344313770532608,-0.19120275974273682,-0.2491418868303299,-0.31338295340538025,-0.38493022322654724,-0.4586627781391144,-0.5433069467544556
sub_imgnt,vgg16,LRP-ZP-s1,-0.0423375628888607,-0.08517954498529434,-0.13229337334632874,-0.1851562261581421,-0.24126698076725006,-0.30720046162605286,-0.3814271092414856,-0.4596691429615021,-0.5515163540840149
sub_imgnt,vgg16,IG-s4,-0.04098634421825409,-0.11271900683641434,-0.1700965315103531,-0.2219608873128891,-0.2685064673423767,-0.31545424461364746,-0.3684822618961334,-0.4235139489173889,-0.5034379959106445
sub_imgnt,vgg16,IG-s3,-0.16513636708259583,-0.3188995122909546,-0.4094240665435791,-0.4647732675075531,-0.49959003925323486,-0.526796281337738,-0.5472711324691772,-0.5672793984413147,-0.5921459794044495
sub_imgnt,vgg16,IG-s2,-0.3334628939628601,-0.5105037093162537,-0.5810281038284302,-0.6039165258407593,-0.613518238067627,-0.6170020699501038,-0.6180509328842163,-0.6184386014938354,-0.6194430589675903
sub_imgnt,vgg16,IG-s1,-0.409541517496109,-0.5296076536178589,-0.5870754718780518,-0.6120877861976624,-0.620331346988678,-0.6226311922073364,-0.6226881742477417,-0.6214028000831604,-0.6225656270980835
sub_imgnt,vgg16,SIG-s4,-0.03629569709300995,-0.13374650478363037,-0.21449914574623108,-0.27383846044540405,-0.32414403557777405,-0.3726560175418854,-0.41839203238487244,-0.4666684865951538,-0.5278593301773071
sub_imgnt,vgg16,SIG-s3,-0.17345625162124634,-0.35302790999412537,-0.4523038864135742,-0.5073646306991577,-0.5353745818138123,-0.5531659722328186,-0.5682306289672852,-0.5824766755104065,-0.6005602478981018
sub_imgnt,vgg16,SIG-s2,-0.3377643823623657,-0.5224969387054443,-0.5908418297767639,-0.6095268130302429,-0.6162230372428894,-0.6189807057380676,-0.6191039681434631,-0.6192757487297058,-0.6205396056175232
sub_imgnt,vgg16,SIG-s1,-0.3976639211177826,-0.5309460759162903,-0.5918630957603455,-0.6151119470596313,-0.6215106248855591,-0.6231518387794495,-0.6224810481071472,-0.6207168102264404,-0.6222817301750183
sub_imgnt,vgg16,SIG-LRP-C-s4,0.024024181067943573,0.006342845968902111,-0.020034370943903923,-0.05672306939959526,-0.10152330249547958,-0.15898331999778748,-0.23006777465343475,-0.3233797550201416,-0.4499346613883972
sub_imgnt,vgg16,SIG-LRP-C-s3,0.02554130181670189,0.0024648113176226616,-0.03074135072529316,-0.0791596993803978,-0.14208732545375824,-0.2118341475725174,-0.2984515428543091,-0.3894563317298889,-0.5013059973716736
sub_imgnt,vgg16,SIG-LRP-C-s2,0.026523571461439133,-0.003269048174843192,-0.052443455904722214,-0.11189683526754379,-0.18154315650463104,-0.2662471532821655,-0.35648369789123535,-0.4502326548099518,-0.5455772280693054
sub_imgnt,vgg16,SIG-LRP-C-s1,0.027761181816458702,-0.005471238400787115,-0.053504832088947296,-0.11383894085884094,-0.1844365894794464,-0.26490896940231323,-0.35971370339393616,-0.45895037055015564,-0.5582261681556702
sub_imgnt,vgg16,SIG-LID-IG-s4,0.02553858794271946,-0.0009728831937536597,-0.03251001983880997,-0.06561229377985,-0.10391843318939209,-0.15535669028759003,-0.22102680802345276,-0.3092329800128937,-0.44409626722335815
sub_imgnt,vgg16,SIG-LID-IG-s3,0.013337700627744198,-0.03105495311319828,-0.07740748673677444,-0.12822440266609192,-0.17969000339508057,-0.23964135348796844,-0.312309592962265,-0.3970414102077484,-0.5090351700782776
sub_imgnt,vgg16,SIG-LID-IG-s2,-0.052817169576883316,-0.12957173585891724,-0.19606152176856995,-0.25000545382499695,-0.29697489738464355,-0.34932905435562134,-0.4060862064361572,-0.4702109396457672,-0.5530223250389099
sub_imgnt,vgg16,SIG-LID-IG-s1,-0.24992838501930237,-0.3452937602996826,-0.39999517798423767,-0.4360480308532715,-0.45338085293769836,-0.46916356682777405,-0.49245521426200867,-0.5309203267097473,-0.5789656043052673
sub_imgnt,vgg16,LRP-0-s4,-0.056140366941690445,-0.1512417048215866,-0.22375428676605225,-0.2817343771457672,-0.33119988441467285,-0.3791159689426422,-0.4278463125228882,-0.4786345064640045,-0.5365195274353027
sub_imgnt,vgg16,LRP-0-s3,-0.22054453194141388,-0.404195100069046,-0.4946245849132538,-0.5366461277008057,-0.5614331960678101,-0.5790027976036072,-0.5904538035392761,-0.5994568467140198,-0.6090431213378906
sub_imgnt,vgg16,LRP-0-s2,-0.3743164837360382,-0.54768306016922,-0.6027491688728333,-0.6164911985397339,-0.6203141212463379,-0.6229845285415649,-0.6230512261390686,-0.6224836707115173,-0.6229109168052673
sub_imgnt,vgg16,LRP-0-s1,-0.43614423274993896,-0.5486312508583069,-0.5988821387290955,-0.6173371076583862,-0.6226259469985962,-0.6243481636047363,-0.6243537664413452,-0.6232991814613342,-0.6239694952964783
sub_imgnt,vgg16,SIG-LID-Taylor-s4,-0.025678783655166626,-0.1292487382888794,-0.20806074142456055,-0.26740702986717224,-0.3237167298793793,-0.37270957231521606,-0.41830554604530334,-0.4703952372074127,-0.530886173248291
sub_imgnt,vgg16,SIG-LID-Taylor-s3,-0.18950334191322327,-0.3791968822479248,-0.48124411702156067,-0.5294925570487976,-0.5564124584197998,-0.5737026333808899,-0.5854321122169495,-0.5948048233985901,-0.6051956415176392
sub_imgnt,vgg16,SIG-LID-Taylor-s2,-0.3616209030151367,-0.5436119437217712,-0.6000880002975464,-0.6154360175132751,-0.619852602481842,-0.6221941709518433,-0.6230570077896118,-0.6226593852043152,-0.6235371232032776
sub_imgnt,vgg16,SIG-LID-Taylor-s1,-0.4191976487636566,-0.5462393164634705,-0.5971539616584778,-0.6169771552085876,-0.6224942803382874,-0.6244169473648071,-0.624603807926178,-0.6238899230957031,-0.6239837408065796
sub_imgnt,vgg16,SIG-LID-Taylor-CE10-s4,0.009001672267913818,-0.012273157946765423,-0.0410461463034153,-0.07860944420099258,-0.12438808381557465,-0.18351879715919495,-0.2536312937736511,-0.34383317828178406,-0.4699079990386963
sub_imgnt,vgg16,SIG-LID-Taylor-CE10-s3,0.008423605002462864,-0.015200579538941383,-0.05266612395644188,-0.10236414521932602,-0.1632753312587738,-0.23214106261730194,-0.31035783886909485,-0.40433576703071594,-0.5127741694450378
sub_imgnt,vgg16,SIG-LID-Taylor-CE10-s2,0.0014475192874670029,-0.031057417392730713,-0.0805542841553688,-0.13821426033973694,-0.20475634932518005,-0.2779492735862732,-0.3616495430469513,-0.44721120595932007,-0.5464630722999573
sub_imgnt,vgg16,SIG-LID-Taylor-CE10-s1,-0.035132553428411484,-0.09550363570451736,-0.15112251043319702,-0.19968034327030182,-0.25714027881622314,-0.32245320081710815,-0.3926532566547394,-0.47382819652557373,-0.5593410134315491
sub_imgnt,vgg16,SIG-LID-Taylor-CE05-s4,0.01911829225718975,1.455869642086327e-05,-0.03002980351448059,-0.0672970712184906,-0.11472556740045547,-0.1745682656764984,-0.24323998391628265,-0.3387497067451477,-0.4635038375854492
sub_imgnt,vgg16,SIG-LID-Taylor-CE05-s3,0.017239781096577644,-0.004628878552466631,-0.040444232523441315,-0.0918169766664505,-0.15265493094921112,-0.22478383779525757,-0.30424243211746216,-0.4009368419647217,-0.5095696449279785
sub_imgnt,vgg16,SIG-LID-Taylor-CE05-s2,0.008744613267481327,-0.023864610120654106,-0.07257431745529175,-0.13440768420696259,-0.20276759564876556,-0.27948909997940063,-0.3667410910129547,-0.4547179043292999,-0.5504475235939026
sub_imgnt,vgg16,SIG-LID-Taylor-CE05-s1,-0.04557114094495773,-0.11123036593198776,-0.16871322691440582,-0.22361357510089874,-0.2760297656059265,-0.3420256972312927,-0.41174226999282837,-0.4850989580154419,-0.5652297139167786
sub_imgnt,vgg16,SIG-LID-Taylor-CE02-s4,0.024959329515695572,-0.008298301137983799,-0.04683946445584297,-0.09358631819486618,-0.14167483150959015,-0.19832754135131836,-0.2656552195549011,-0.35110345482826233,-0.4659750759601593
sub_imgnt,vgg16,SIG-LID-Taylor-CE02-s3,0.029775923117995262,-0.010661682114005089,-0.059645846486091614,-0.11159056425094604,-0.16991354525089264,-0.23483094573020935,-0.3128274977207184,-0.4038209617137909,-0.5138753056526184
sub_imgnt,vgg16,SIG-LID-Taylor-CE02-s2,0.008892573416233063,-0.04477060213685036,-0.1053907722234726,-0.1687549352645874,-0.2384042888879776,-0.3101635277271271,-0.3880947232246399,-0.4682352542877197,-0.5577945113182068
sub_imgnt,vgg16,SIG-LID-Taylor-CE02-s1,-0.13757966458797455,-0.23928000032901764,-0.29528287053108215,-0.33193448185920715,-0.3671315908432007,-0.4073256552219391,-0.4537772238254547,-0.5115986466407776,-0.5732389092445374
sub_imgnt,vgg16,SIG-LID-IG-CE10-s4,0.007702433504164219,-0.008910740725696087,-0.029423512518405914,-0.055005114525556564,-0.09056568145751953,-0.13411512970924377,-0.20112919807434082,-0.29600995779037476,-0.43601199984550476
sub_imgnt,vgg16,SIG-LID-IG-CE10-s3,-0.0012506655184552073,-0.02542233280837536,-0.056941088289022446,-0.09594469517469406,-0.14702723920345306,-0.20317192375659943,-0.2731410562992096,-0.365570068359375,-0.48643484711647034
sub_imgnt,vgg16,SIG-LID-IG-CE10-s2,-0.016960736364126205,-0.046769749373197556,-0.08656495809555054,-0.13249987363815308,-0.18815597891807556,-0.2528781294822693,-0.3286787271499634,-0.4168825149536133,-0.5273878574371338
sub_imgnt,vgg16,SIG-LID-IG-CE10-s1,-0.08714797347784042,-0.13382822275161743,-0.172960564494133,-0.20839112997055054,-0.24750809371471405,-0.29886743426322937,-0.3639877140522003,-0.44409266114234924,-0.5415115356445312
sub_imgnt,vgg16,SIG-LID-IG-CE05-s4,0.013849361799657345,-0.00259009818546474,-0.0219354797154665,-0.04870069772005081,-0.0858173817396164,-0.13130635023117065,-0.19435858726501465,-0.29137545824050903,-0.4328482449054718
sub_imgnt,vgg16,SIG-LID-IG-CE05-s3,0.003183209802955389,-0.02195741795003414,-0.0543944276869297,-0.09409265220165253,-0.14525051414966583,-0.20570003986358643,-0.27662649750709534,-0.36832502484321594,-0.4879646301269531
sub_imgnt,vgg16,SIG-LID-IG-CE05-s2,-0.014716414734721184,-0.048664242029190063,-0.09186523407697678,-0.141762375831604,-0.20014162361621857,-0.2665080726146698,-0.3447229266166687,-0.4295588731765747,-0.5356840491294861
sub_imgnt,vgg16,SIG-LID-IG-CE05-s1,-0.11743426322937012,-0.1683974266052246,-0.2057296335697174,-0.24125617742538452,-0.28135359287261963,-0.33099353313446045,-0.39344286918640137,-0.4613931477069855,-0.5523865818977356
sub_imgnt,vgg16,SIG-LID-IG-CE02-s4,0.02450471930205822,0.007796568796038628,-0.016803491860628128,-0.04572698101401329,-0.08295492082834244,-0.12877030670642853,-0.19512754678726196,-0.29090559482574463,-0.43256112933158875
sub_imgnt,vgg16,SIG-LID-IG-CE02-s3,0.014895220287144184,-0.01104517001658678,-0.04555917903780937,-0.08961042761802673,-0.14158402383327484,-0.20127815008163452,-0.2745550572872162,-0.3695761263370514,-0.4922330975532532
sub_imgnt,vgg16,SIG-LID-IG-CE02-s2,-0.009899385273456573,-0.048764538019895554,-0.09727559238672256,-0.14769253134727478,-0.21007150411605835,-0.2782796621322632,-0.3526886999607086,-0.4380868077278137,-0.5388348698616028
sub_imgnt,vgg16,SIG-LID-IG-CE02-s1,-0.1991138607263565,-0.2551090717315674,-0.28753143548965454,-0.3144305646419525,-0.3413224220275879,-0.3778632581233978,-0.42170995473861694,-0.48043280839920044,-0.5579447746276855
sub_imgnt,vgg16,SIG-LID-Taylor-CE05-s54,0.017063897103071213,-0.006053076591342688,-0.030231524258852005,-0.062373626977205276,-0.09591574221849442,-0.14084994792938232,-0.20356978476047516,-0.29613542556762695,-0.44149118661880493
sub_imgnt,vgg16,SIG-LID-Taylor-CE05-s543,0.018925044685602188,-0.0014242070028558373,-0.02451224997639656,-0.05589307099580765,-0.0914720892906189,-0.1414235532283783,-0.20597083866596222,-0.29917386174201965,-0.44144174456596375
sub_imgnt,vgg16,SIG-LID-Taylor-CE05-s5432,0.022199474275112152,0.002958729164674878,-0.02311227284371853,-0.054156649857759476,-0.09733720123767853,-0.1495634913444519,-0.2193848341703415,-0.31544333696365356,-0.4543602466583252
sub_imgnt,vgg16,SIG-LID-Taylor-CE05-s54321,0.024776572361588478,0.005959673319011927,-0.020670369267463684,-0.05113893747329712,-0.0953989252448082,-0.15264293551445007,-0.22394582629203796,-0.3235613703727722,-0.4609176516532898
sub_imgnt,vgg16,SIG-LID-IG-CE05-s54,0.015505033545196056,0.006157067138701677,-0.011674969457089901,-0.030250540003180504,-0.057793017476797104,-0.09744766354560852,-0.16268761456012726,-0.26390495896339417,-0.4198489189147949
sub_imgnt,vgg16,SIG-LID-IG-CE05-s543,0.01639064960181713,0.006739594973623753,-0.011865762062370777,-0.03254079446196556,-0.061682846397161484,-0.10601489245891571,-0.16705019772052765,-0.26612046360969543,-0.41540420055389404
sub_imgnt,vgg16,SIG-LID-IG-CE05-s5432,0.017481062561273575,0.005247327499091625,-0.014601241797208786,-0.04017889127135277,-0.07259826362133026,-0.11874726414680481,-0.18352507054805756,-0.27967095375061035,-0.42588552832603455
sub_imgnt,vgg16,SIG-LID-IG-CE05-s54321,0.01792955957353115,0.0063349464908242226,-0.014675460755825043,-0.04049050062894821,-0.07491081207990646,-0.12336704134941101,-0.18868081271648407,-0.2863028347492218,-0.4327051639556885
sub_imgnt,vgg16,SIG-LID-IG-s54321-SMG2,0.04705282673239708,0.03489425405859947,0.012274648994207382,-0.016448333859443665,-0.048901621252298355,-0.09515117108821869,-0.16171222925186157,-0.26177480816841125,-0.4128170311450958
sub_imgnt,vgg16,SIG-LID-IG-s5-SMG,0.010712011717259884,0.0015118021983653307,-0.01513711828738451,-0.038166649639606476,-0.0666361004114151,-0.10664767771959305,-0.17893970012664795,-0.2834665775299072,-0.4417899250984192
sub_imgnt,vgg16,SIG-LID-IG-s54-SMG,0.024890394881367683,0.017954709008336067,-0.0016272483626380563,-0.022485876455903053,-0.05003897100687027,-0.09081203490495682,-0.15462306141853333,-0.2530912160873413,-0.4127911925315857
sub_imgnt,vgg16,SIG-LID-IG-s543-SMG,0.034481607377529144,0.02740972489118576,0.00984219927340746,-0.016169684007763863,-0.04614514112472534,-0.08917056769132614,-0.15510691702365875,-0.25126969814300537,-0.4063597023487091
sub_imgnt,vgg16,SIG-LID-IG-s5432-SMG,0.04218330606818199,0.029843870550394058,0.007340832147747278,-0.01907200925052166,-0.051729101687669754,-0.09719140827655792,-0.16326095163822174,-0.26108992099761963,-0.4118114709854126
sub_imgnt,vgg16,SIG-LID-IG-s54321-SMG,0.04612043499946594,0.03431113809347153,0.012594654224812984,-0.014918302185833454,-0.04894980043172836,-0.09656154364347458,-0.16047342121601105,-0.26166975498199463,-0.4132384657859802

sub_imgnt,vgg16,SIG-LID-IG-s54321-I03,-0.0021260008215904236,-0.02412131242454052,-0.05134754627943039,-0.0779944658279419,-0.11406518518924713,-0.15752090513706207,-0.2225114405155182,-0.3164508640766144,-0.4511277377605438
sub_imgnt,vgg16,SIG-LID-IG-s54321-I05,0.01418751198798418,-0.00025075816665776074,-0.02034762129187584,-0.0465257503092289,-0.07738670706748962,-0.12221833318471909,-0.18241769075393677,-0.2799111306667328,-0.42590272426605225
sub_imgnt,vgg16,SIG-LID-IG-s54321-I07,0.022324496880173683,0.008753279224038124,-0.010153736919164658,-0.034943271428346634,-0.06838960945606232,-0.11158435791730881,-0.17797522246837616,-0.2737613618373871,-0.42316293716430664
sub_imgnt,vgg16,SIG-LID-IG-s54321-I10,0.03131783381104469,0.01874963939189911,-0.0020796775352209806,-0.029329726472496986,-0.06445573270320892,-0.10832205414772034,-0.17576271295547485,-0.2720412015914917,-0.42087334394454956
sub_imgnt,vgg16,SIG-LID-IG-s54321-I15,0.037595074623823166,0.024237442761659622,0.0023744432255625725,-0.026821300387382507,-0.06275275349617004,-0.11160264909267426,-0.17979276180267334,-0.277339369058609,-0.42310330271720886
sub_imgnt,vgg16,SIG-LID-IG-s54321-I20,0.04082582890987396,0.0272612813860178,0.003820383455604315,-0.02702312543988228,-0.06379136443138123,-0.11191637814044952,-0.18125700950622559,-0.2798972725868225,-0.4263083040714264
sub_imgnt,vgg16,SIG-LID-IG-s54321-I30,0.043506644666194916,0.028544511646032333,0.005224850028753281,-0.02677411399781704,-0.06476461887359619,-0.11564106494188309,-0.18657492101192474,-0.28464481234550476,-0.42842811346054077
sub_imgnt,vgg16,SIG-LID-IG-s54321-I40,0.04320447891950607,0.029610997065901756,0.00424017570912838,-0.027711251750588417,-0.06546764820814133,-0.11709945648908615,-0.18936440348625183,-0.2886861264705658,-0.43121904134750366
sub_imgnt,vgg16,SIG-LID-IG-s54321-G00,0.044025253504514694,0.029350029304623604,0.004027424845844507,-0.028445854783058167,-0.06588952988386154,-0.11838937550783157,-0.1887359917163849,-0.2884519100189209,-0.430405855178833
sub_imgnt,vgg16,SIG-LID-IG-s54321-G01,0.04352501779794693,0.0290375966578722,0.00476027512922883,-0.02829182706773281,-0.06512465327978134,-0.1182761937379837,-0.18852275609970093,-0.28831782937049866,-0.43065565824508667
sub_imgnt,vgg16,SIG-LID-IG-s54321-G03,0.043880313634872437,0.02958252839744091,0.004884869325906038,-0.027874626219272614,-0.06619810312986374,-0.11741959303617477,-0.18685229122638702,-0.28671592473983765,-0.42950043082237244
sub_imgnt,vgg16,SIG-LID-IG-s54321-G05,0.0433480478823185,0.03003854863345623,0.004772776272147894,-0.026833757758140564,-0.06403599679470062,-0.11522191017866135,-0.18673086166381836,-0.2865309417247772,-0.42896029353141785
sub_imgnt,vgg16,SIG-LID-IG-s54321-G07,0.04222087934613228,0.02855747565627098,0.005760669708251953,-0.026781732216477394,-0.06374751031398773,-0.11400541663169861,-0.18401579558849335,-0.2828146517276764,-0.4282877445220947
sub_imgnt,vgg16,SIG-LID-IG-s54321-G09,0.0416095145046711,0.027963537722826004,0.0049376096576452255,-0.02530902996659279,-0.06322894245386124,-0.11312880367040634,-0.18282316625118256,-0.2839999496936798,-0.42691805958747864
sub_imgnt,vgg16,SIG-LID-IG-s54321-G10,0.04052221402525902,0.027401726692914963,0.00441173929721117,-0.02524247020483017,-0.06250110268592834,-0.11287225037813187,-0.18120597302913666,-0.2808855473995209,-0.42581501603126526
sub_imgnt,vgg16,SIG-LID-IG-s54321-G20,0.035375893115997314,0.022704729810357094,4.906921094516292e-05,-0.026495452970266342,-0.059679966419935226,-0.10738302767276764,-0.17636948823928833,-0.27279242873191833,-0.42091330885887146
sub_imgnt,vgg16,SIG-LID-IG-s54321-G30,0.029371000826358795,0.016209516674280167,-0.0037509817630052567,-0.028782756999135017,-0.06185666471719742,-0.10617178678512573,-0.17420251667499542,-0.2713775932788849,-0.4187127947807312
sub_imgnt,res50,GradCAM-s5,0.010023431852459908,0.016066240146756172,0.01784825138747692,0.016355466097593307,0.011620941571891308,0.004691766109317541,-0.010869380086660385,-0.051355790346860886,-0.15015119314193726
sub_imgnt,res50,LayerCAM-s5,0.0037409807555377483,0.007697489578276873,0.008945878595113754,0.007440867368131876,0.0030617606826126575,-0.0029698596335947514,-0.020454278215765953,-0.05742642655968666,-0.1542530655860901
sub_imgnt,res50,ScoreCAM-s5,-0.001978085609152913,-0.003490578383207321,-0.004288975615054369,-0.004673241637647152,-0.006960518658161163,-0.011472807265818119,-0.023346779868006706,-0.05301286652684212,-0.14025385677814484
sub_imgnt,res50,LID-Taylor-s5,0.010466920211911201,0.016218414530158043,0.018298842012882233,0.017036529257893562,0.01292683370411396,0.005099196452647448,-0.012427804991602898,-0.05027090385556221,-0.150369793176651
sub_imgnt,res50,LID-IG-s5,0.010466920211911201,0.016217906028032303,0.018298394978046417,0.017033707350492477,0.012927263975143433,0.005099398083984852,-0.012429616414010525,-0.05027511343359947,-0.15036970376968384
sub_imgnt,res50,SIG-LID-IG-s5,0.013504913076758385,0.019892364740371704,0.022826451808214188,0.020505407825112343,0.016804611310362816,0.008883378468453884,-0.00934343971312046,-0.0474478080868721,-0.14789123833179474
