sub_imgnt,vgg16,GradCAM-origin-f,-0.014233089983463287,-0.039159324020147324,-0.06594204902648926,-0.09533712267875671,-0.1316787600517273,-0.17845632135868073,-0.24570243060588837,-0.33522918820381165,-0.47410643100738525
sub_imgnt,vgg16,SG-GradCAM-origin-f,-0.005429016891866922,-0.050924427807331085,-0.09622514992952347,-0.14261342585086823,-0.187096506357193,-0.23622220754623413,-0.3020387887954712,-0.3845370411872864,-0.5014175772666931
sub_imgnt,vgg16,ScoreCAM-f,-0.025449801236391068,-0.03700661659240723,-0.05120148882269859,-0.06861212849617004,-0.09272456914186478,-0.1310550719499588,-0.19331781566143036,-0.2878183424472809,-0.43646150827407837
sub_imgnt,vgg16,LRP-0-f,-0.017846114933490753,-0.04411754012107849,-0.07571646571159363,-0.1087399497628212,-0.15140865743160248,-0.20040446519851685,-0.26810264587402344,-0.3542110323905945,-0.4758717119693756
sub_imgnt,vgg16,LRP-ZP-f,-0.034346144646406174,-0.05756619572639465,-0.08326730877161026,-0.11220705509185791,-0.15145434439182281,-0.2024649679660797,-0.27192386984825134,-0.3582559823989868,-0.4833594262599945
sub_imgnt,vgg16,SG-LRP-0-f,-0.03675312548875809,-0.11056818813085556,-0.17810702323913574,-0.2397683560848236,-0.29325902462005615,-0.34124651551246643,-0.3971370458602905,-0.45776814222335815,-0.5398226976394653
sub_imgnt,vgg16,SG-LRP-ZP-f,-0.04374050721526146,-0.11893683671951294,-0.19344232976436615,-0.2540435194969177,-0.3047668933868408,-0.3494980037212372,-0.40199217200279236,-0.4611161947250366,-0.5414141416549683
sub_imgnt,vgg16,ST-LRP-0-f,-0.004626320209354162,-0.052877865731716156,-0.09911153465509415,-0.14762140810489655,-0.1981499344110489,-0.25146955251693726,-0.31404829025268555,-0.39115604758262634,-0.49960801005363464
sub_imgnt,vgg16,ST-LRP-ZP-f,-0.03435572236776352,-0.06288447976112366,-0.0943792536854744,-0.12787526845932007,-0.1698921173810959,-0.22139281034469604,-0.2890210449695587,-0.3743497133255005,-0.4933338761329651
sub_imgnt,vgg16,SIG-LRP-0-f,0.007096925284713507,-0.020403504371643066,-0.055327147245407104,-0.09562448412179947,-0.13660497963428497,-0.18760362267494202,-0.25408926606178284,-0.34366124868392944,-0.47487449645996094
sub_imgnt,vgg16,SIG-LRP-ZP-f,-0.0339837446808815,-0.05685345456004143,-0.08207058906555176,-0.11108781397342682,-0.1502167284488678,-0.2012118548154831,-0.27061107754707336,-0.3575097620487213,-0.48275038599967957
sub_imgnt,vgg16,SIG-LRP-C-s4,0.024018678814172745,0.006244775839149952,-0.01974131539463997,-0.05691822990775108,-0.10133536905050278,-0.15905854105949402,-0.23009620606899261,-0.3227705955505371,-0.45000359416007996
sub_imgnt,vgg16,SIG-LRP-C-s3,0.02573142573237419,0.002539718756452203,-0.030693193897604942,-0.07899259030818939,-0.141799196600914,-0.21172469854354858,-0.2983247935771942,-0.389728844165802,-0.5012685656547546
sub_imgnt,vgg16,SIG-LRP-C-s2,0.026461437344551086,-0.003376087872311473,-0.05259082466363907,-0.11167073994874954,-0.18125201761722565,-0.2664415240287781,-0.3566552996635437,-0.450042188167572,-0.5454234480857849
sub_imgnt,vgg16,SIG-LRP-C-s1,0.027855461463332176,-0.005711355712264776,-0.0535367913544178,-0.11371775716543198,-0.18477614223957062,-0.2646658718585968,-0.35924264788627625,-0.45903122425079346,-0.5581434965133667
sub_imgnt,vgg16,SIG-LRP-C-s54,0.013894705101847649,-0.008431432768702507,-0.03786894306540489,-0.06848958879709244,-0.10881498456001282,-0.15600232779979706,-0.22291642427444458,-0.3119547665119171,-0.4450576901435852
sub_imgnt,vgg16,SIG-LRP-C-s543,0.016828233376145363,-0.0018092782702296972,-0.029974523931741714,-0.06167012080550194,-0.10251164436340332,-0.152343288064003,-0.219932422041893,-0.3099764883518219,-0.44191688299179077
sub_imgnt,vgg16,SIG-LRP-C-s5432,0.02037661336362362,0.002398488810285926,-0.026418929919600487,-0.06101733073592186,-0.10550502687692642,-0.16209614276885986,-0.22865429520606995,-0.32280951738357544,-0.4476073086261749
sub_imgnt,vgg16,SIG-LRP-C-s54321,0.023819247260689735,0.0055781276896595955,-0.02312980592250824,-0.0597756989300251,-0.1067262664437294,-0.16583944857120514,-0.23674598336219788,-0.33233797550201416,-0.4532950520515442
sub_imgnt,vgg16,LID-Taylor-f,-0.011281780898571014,-0.038994595408439636,-0.06180969625711441,-0.08684293925762177,-0.11712184548377991,-0.1609053909778595,-0.22565282881259918,-0.3239949345588684,-0.4649340808391571
sub_imgnt,vgg16,LID-IG-f,-0.015031975694000721,-0.029542746022343636,-0.04454953595995903,-0.06428172439336777,-0.0901966467499733,-0.13397668302059174,-0.20009830594062805,-0.2980121672153473,-0.4495762586593628
sub_imgnt,vgg16,ST-LID-Taylor-s5,-0.0002703388163354248,-0.04672602564096451,-0.09327734261751175,-0.13442650437355042,-0.1818990260362625,-0.23044100403785706,-0.2937335968017578,-0.37752047181129456,-0.49576398730278015
sub_imgnt,vgg16,ST-LID-IG-s5,0.0072501907125115395,-0.021726250648498535,-0.05409324914216995,-0.08785118907690048,-0.1258043646812439,-0.17389880120754242,-0.2412555068731308,-0.33345192670822144,-0.47271600365638733
sub_imgnt,vgg16,ST-LID-Taylor-s4,-0.04654422774910927,-0.1683569699525833,-0.2594977021217346,-0.3235228955745697,-0.37816235423088074,-0.4240572154521942,-0.4601983428001404,-0.5025140643119812,-0.5514109134674072
sub_imgnt,vgg16,ST-LID-IG-s4,0.012786046601831913,-0.03274263069033623,-0.07737142592668533,-0.12120441347360611,-0.1616639643907547,-0.21051767468452454,-0.2742893695831299,-0.35331976413726807,-0.4668090343475342
sub_imgnt,vgg16,ST-LID-Taylor-s3,-0.2076556533575058,-0.40948766469955444,-0.5087164640426636,-0.5570473074913025,-0.5771095156669617,-0.5895023345947266,-0.5975995063781738,-0.602536678314209,-0.6101086735725403
sub_imgnt,vgg16,ST-LID-IG-s3,-0.00010122127423528582,-0.06876153498888016,-0.12771403789520264,-0.182296484708786,-0.2366885244846344,-0.2904941439628601,-0.3548698127269745,-0.42814895510673523,-0.5207080841064453
sub_imgnt,vgg16,SIG-LID-Taylor-f,0.010881999507546425,-0.01705017499625683,-0.04714958369731903,-0.07846228033304214,-0.1133524626493454,-0.160324364900589,-0.2229238748550415,-0.3218992054462433,-0.4652845561504364
sub_imgnt,vgg16,SIG-LID-Taylor-s54,0.02850165404379368,-0.0069581130519509315,-0.0479549802839756,-0.08924447000026703,-0.13089072704315186,-0.18126264214515686,-0.2475815862417221,-0.3344250023365021,-0.45797738432884216
sub_imgnt,vgg16,SIG-LID-Taylor-s543,0.03386301174759865,-0.017325378954410553,-0.07069983333349228,-0.12554793059825897,-0.17696133255958557,-0.23384371399879456,-0.2978249788284302,-0.37419065833091736,-0.48387253284454346
sub_imgnt,vgg16,SIG-LID-Taylor-s5432,0.028236303478479385,-0.03920935466885567,-0.1062043160200119,-0.1710478663444519,-0.2291833907365799,-0.2875221073627472,-0.34898099303245544,-0.4208037853240967,-0.5167810320854187
sub_imgnt,vgg16,SIG-LID-IG-f,0.012438547797501087,0.0002518787223380059,-0.017883015796542168,-0.041390422731637955,-0.07176341116428375,-0.11559758335351944,-0.18515217304229736,-0.2877327501773834,-0.44488221406936646
sub_imgnt,vgg16,SIG-LID-IG-s4,0.0257123950868845,-0.0008399980142712593,-0.03240641579031944,-0.0658942312002182,-0.1038113385438919,-0.1553642749786377,-0.22088050842285156,-0.3089410960674286,-0.4440057873725891
sub_imgnt,vgg16,SIG-LID-IG-s54,0.024934398010373116,0.014191350899636745,-0.0049686008132994175,-0.02747979573905468,-0.05726132541894913,-0.09902218729257584,-0.1644079089164734,-0.2629680633544922,-0.41597050428390503
sub_imgnt,vgg16,SIG-LID-IG-s543,0.03136669471859932,0.021758852526545525,0.0006785781006328762,-0.02597464621067047,-0.05683160200715065,-0.10409758239984512,-0.16968534886837006,-0.26551389694213867,-0.4166721999645233
sub_imgnt,vgg16,SIG-LID-IG-s5432,0.03797982260584831,0.022964876145124435,-0.0009831066709011793,-0.028776317834854126,-0.06467387825250626,-0.11305256187915802,-0.18020951747894287,-0.27881088852882385,-0.42335423827171326
sub_imgnt,vgg16,SIG-LID-IG-s54321,0.041226886212825775,0.027868248522281647,0.003655408276244998,-0.027363670989871025,-0.0636771097779274,-0.11481142044067383,-0.1845977008342743,-0.28496041893959045,-0.4270208477973938
sub_imgnt,vgg16,SIG-LID-IG-s43,0.0311357993632555,0.005072586704045534,-0.027497529983520508,-0.06419415026903152,-0.10591477155685425,-0.15918442606925964,-0.22688807547092438,-0.31893041729927063,-0.44749486446380615
sub_imgnt,vgg16,SIG-LID-IG-s432,0.03505177050828934,0.0068718139082193375,-0.027948539704084396,-0.07029516249895096,-0.11375322192907333,-0.16792508959770203,-0.2408338338136673,-0.3317258954048157,-0.46254706382751465
sub_imgnt,vgg16,SIG-LID-IG-s32,0.01601727306842804,-0.03161371126770973,-0.08112729340791702,-0.1349344253540039,-0.18713726103305817,-0.24642260372638702,-0.32383567094802856,-0.40698832273483276,-0.5185509920120239
sub_imgnt,vgg16,IG-f,-0.010061593726277351,-0.032594043761491776,-0.05358864739537239,-0.07542487233877182,-0.10552600026130676,-0.14830487966537476,-0.21255716681480408,-0.30824095010757446,-0.45671582221984863
sub_imgnt,vgg16,SIG-f,0.0007853031856939197,-0.02928350679576397,-0.0642753541469574,-0.09716082364320755,-0.13499219715595245,-0.18500223755836487,-0.25399237871170044,-0.3459307849407196,-0.47710952162742615
sub_imgnt,resnet34,GradCAM-origin-f,-0.007521696388721466,-0.018671350553631783,-0.03559185564517975,-0.06413601338863373,-0.105820432305336,-0.17227093875408173,-0.2650243043899536,-0.3928418457508087,-0.5387020111083984
sub_imgnt,resnet34,SG-GradCAM-origin-f,0.012643178924918175,0.001673154067248106,-0.017322294414043427,-0.0498407781124115,-0.10140421241521835,-0.17614862322807312,-0.2835509777069092,-0.407542884349823,-0.550896406173706
sub_imgnt,resnet34,ScoreCAM-f,-0.015716062858700752,-0.026423314586281776,-0.04909471422433853,-0.079213947057724,-0.12495829910039902,-0.19343139231204987,-0.2833024263381958,-0.40730902552604675,-0.5517910122871399
sub_imgnt,resnet34,LID-Taylor-s5,-0.007345079444348812,-0.017646843567490578,-0.034270141273736954,-0.06304965913295746,-0.10552728921175003,-0.17123879492282867,-0.26409846544265747,-0.39051610231399536,-0.5404357314109802
sub_imgnt,resnet34,SIG-LID-Taylor-s5,0.014520946890115738,0.010688920505344868,-0.004073616117238998,-0.036671917885541916,-0.08114681392908096,-0.15488030016422272,-0.25435447692871094,-0.3871443569660187,-0.5390345454216003
sub_imgnt,resnet34,LID-IG-s5,-0.007345535792410374,-0.017646780237555504,-0.03427095338702202,-0.06304928660392761,-0.10552739351987839,-0.17124128341674805,-0.26409798860549927,-0.3905166685581207,-0.5404338836669922
sub_imgnt,resnet34,SIG-LID-IG-s5,0.014521296136081219,0.010688941925764084,-0.004073468968272209,-0.036671873182058334,-0.08114627748727798,-0.1548803597688675,-0.25435471534729004,-0.38714438676834106,-0.5390354990959167
sub_imgnt,resnet34,SIG-LID-Taylor-s54,0.02701825462281704,0.014048815704882145,-0.012237169779837132,-0.06230560317635536,-0.1306273192167282,-0.21755148470401764,-0.3346238136291504,-0.4622284173965454,-0.5737873315811157
sub_imgnt,resnet34,SIG-LID-Taylor-s543,0.04131203517317772,0.019954657182097435,-0.022472353652119637,-0.09159152954816818,-0.17599695920944214,-0.2698618471622467,-0.37858816981315613,-0.48946717381477356,-0.5891795754432678
sub_imgnt,resnet34,SIG-LID-Taylor-s5432,0.042251117527484894,0.01772111840546131,-0.03212401643395424,-0.1050666943192482,-0.19098420441150665,-0.2908459007740021,-0.39738601446151733,-0.5025513768196106,-0.5976274013519287
sub_imgnt,resnet34,SIG-LID-IG-s54,0.023983044549822807,0.018242623656988144,0.0025839698500931263,-0.026279961690306664,-0.07100359350442886,-0.13652844727039337,-0.22663632035255432,-0.3477267324924469,-0.5023753643035889
sub_imgnt,resnet34,SIG-LID-IG-s543,0.034145843237638474,0.031839847564697266,0.014338567852973938,-0.014704210683703423,-0.0576988086104393,-0.1232752799987793,-0.21032723784446716,-0.32787206768989563,-0.4876682460308075
sub_imgnt,resnet34,SIG-LID-IG-s5432,0.041660819202661514,0.038169048726558685,0.020680779591202736,-0.0067736366763710976,-0.049603644758462906,-0.1136465072631836,-0.2026016265153885,-0.32628050446510315,-0.4937156140804291
sub_imgnt,resnet34,SIG-LID-IG-s54321,0.037697821855545044,0.029153892770409584,0.007449197117239237,-0.02771672233939171,-0.07374152541160583,-0.14094994962215424,-0.23320910334587097,-0.3576195240020752,-0.5185302495956421
sub_imgnt,resnet34,SIG-LID-IG-s43,0.04388360306620598,0.025855785235762596,-0.008669339120388031,-0.05366487428545952,-0.11491924524307251,-0.1856876164674759,-0.2747689485549927,-0.3840600848197937,-0.5137717723846436
sub_imgnt,googlenet,GradCAM-origin-f,-0.00976138561964035,-0.019062133505940437,-0.03522615507245064,-0.06488436460494995,-0.11208036541938782,-0.172929048538208,-0.25236746668815613,-0.35338523983955383,-0.45852771401405334
sub_imgnt,googlenet,SG-GradCAM-origin-f,0.007478677202016115,-0.00011513638310134411,-0.019722172990441322,-0.052016355097293854,-0.09990201890468597,-0.16086210310459137,-0.2466457635164261,-0.350643128156662,-0.46209627389907837
sub_imgnt,googlenet,ScoreCAM-f,-0.02026425674557686,-0.033144760876894,-0.05105167254805565,-0.079967200756073,-0.12552155554294586,-0.18857361376285553,-0.2625158429145813,-0.35773032903671265,-0.4609812796115875
sub_imgnt,googlenet,SIG-LID-Taylor-s5,0.0023470884189009666,-0.0054288567043840885,-0.022733421996235847,-0.04964462295174599,-0.09633024036884308,-0.15919093787670135,-0.2449008673429489,-0.34904196858406067,-0.4571308493614197
sub_imgnt,googlenet,SIG-LID-IG-s5,0.002564662601798773,-0.005436975508928299,-0.02252599410712719,-0.049571435898542404,-0.09637338668107986,-0.1592501699924469,-0.2449168860912323,-0.3490189015865326,-0.45716404914855957
sub_imgnt,googlenet,SIG-LID-IG-s4,-0.009995551779866219,-0.052758507430553436,-0.10035344213247299,-0.16120006144046783,-0.2247042953968048,-0.28985702991485596,-0.35944506525993347,-0.42381367087364197,-0.4834579825401306
sub_imgnt,googlenet,SIG-LID-IG-s54,0.005443674512207508,-0.001966453855857253,-0.020202478393912315,-0.04791281744837761,-0.08729909360408783,-0.1458682119846344,-0.23240341246128082,-0.3313460350036621,-0.4449886083602905
sub_imgnt,googlenet,SIG-LID-IG-s543,0.014051049016416073,0.006284357979893684,-0.00931271631270647,-0.037677887827157974,-0.078929603099823,-0.13613741099834442,-0.22377248108386993,-0.3267776370048523,-0.44441211223602295
sub_imgnt,googlenet,SIG-LID-IG-s5432,0.014965387992560863,0.006568331737071276,-0.015052903443574905,-0.04598715156316757,-0.0908123105764389,-0.15146470069885254,-0.24066683650016785,-0.3428780734539032,-0.4561431407928467
sub_imgnt,googlenet,SIG-LID-IG-s54321,0.018206370994448662,0.009477194398641586,-0.014348183758556843,-0.04558485746383667,-0.09445283561944962,-0.15630416572093964,-0.2468751221895218,-0.3503924310207367,-0.46143627166748047
sub_imgnt,vgg16,GradCAM-f,-0.0209500789642334,-0.04334627836942673,-0.06745626032352448,-0.09548286348581314,-0.13180722296237946,-0.17848560214042664,-0.2453135997056961,-0.3350573778152466,-0.47397372126579285
